1.000000000000000000e+00 9.492611267696815514e-01
2.000000000000000000e+00 1.833925826346563426e+00
3.000000000000000000e+00 2.621021692517838897e+00
4.000000000000000000e+00 3.387048302143262468e+00
5.000000000000000000e+00 4.121473524727508497e+00
6.000000000000000000e+00 4.857833012505412107e+00
7.000000000000000000e+00 5.513337305991873549e+00
8.000000000000000000e+00 6.179294860454665361e+00
9.000000000000000000e+00 6.842100226984164202e+00
1.000000000000000000e+01 7.424389231783993459e+00
1.100000000000000000e+01 7.991780135275464048e+00
1.200000000000000000e+01 8.555953565166188213e+00
1.300000000000000000e+01 9.095466787729240110e+00
1.400000000000000000e+01 9.606550500445870000e+00
1.500000000000000000e+01 1.009379844960836436e+01
1.600000000000000000e+01 1.062324153501169022e+01
1.700000000000000000e+01 1.103880763828447442e+01
1.800000000000000000e+01 1.147029688455176988e+01
1.900000000000000000e+01 1.194879243358379384e+01
2.000000000000000000e+01 1.238701207341621391e+01
2.100000000000000000e+01 1.278753413957852025e+01
2.200000000000000000e+01 1.321635601779459357e+01
2.300000000000000000e+01 1.359659328511351362e+01
2.400000000000000000e+01 1.402851097487265797e+01
2.500000000000000000e+01 1.440147580353595202e+01
2.600000000000000000e+01 1.477442345357470188e+01
2.700000000000000000e+01 1.517650566357456299e+01
2.800000000000000000e+01 1.554158747631421456e+01
2.900000000000000000e+01 1.590864385192920061e+01
3.000000000000000000e+01 1.622003079685978122e+01
3.100000000000000000e+01 1.656488654159998930e+01
3.200000000000000000e+01 1.694689341667453775e+01
3.300000000000000000e+01 1.728558679488229544e+01
3.400000000000000000e+01 1.761193928023668676e+01
3.500000000000000000e+01 1.794820505675133049e+01
3.600000000000000000e+01 1.823432427247339405e+01
3.700000000000000000e+01 1.851201284398302604e+01
3.800000000000000000e+01 1.880241253493520404e+01
3.900000000000000000e+01 1.908427278792229842e+01
4.000000000000000000e+01 1.935044820713092406e+01
4.100000000000000000e+01 1.960967975743653469e+01
4.200000000000000000e+01 1.988086284913552504e+01
4.300000000000000000e+01 2.008305128118013272e+01
4.400000000000000000e+01 2.036069921968864449e+01
4.500000000000000000e+01 2.064909227684401571e+01
4.600000000000000000e+01 2.095449049994814317e+01
4.700000000000000000e+01 2.120693524340887137e+01
4.800000000000000000e+01 2.146710470538305415e+01
4.900000000000000000e+01 2.172995537928366971e+01
5.000000000000000000e+01 2.198308130969761720e+01
5.100000000000000000e+01 2.218980878071722174e+01
5.200000000000000000e+01 2.242897550494915393e+01
5.300000000000000000e+01 2.266599488021533659e+01
5.400000000000000000e+01 2.287461224019769901e+01
5.500000000000000000e+01 2.308298510618053712e+01
5.600000000000000000e+01 2.327835688196967823e+01
5.700000000000000000e+01 2.349658137372977151e+01
5.800000000000000000e+01 2.366263773264999770e+01
5.900000000000000000e+01 2.384808515031357246e+01
6.000000000000000000e+01 2.404707878834817336e+01
6.100000000000000000e+01 2.425764988905871533e+01
6.200000000000000000e+01 2.440927878826553155e+01
6.300000000000000000e+01 2.463576189099566349e+01
6.400000000000000000e+01 2.481077560549282168e+01
6.500000000000000000e+01 2.499838140275791432e+01
6.600000000000000000e+01 2.517985731282270123e+01
6.700000000000000000e+01 2.539995615569050003e+01
6.800000000000000000e+01 2.558905984098676001e+01
6.900000000000000000e+01 2.579158189741076512e+01
7.000000000000000000e+01 2.593453102464074789e+01
7.100000000000000000e+01 2.607300333961988770e+01
7.200000000000000000e+01 2.622994657602720281e+01
7.300000000000000000e+01 2.637477454101103191e+01
7.400000000000000000e+01 2.652878346720221359e+01
7.500000000000000000e+01 2.671421792792944316e+01
7.600000000000000000e+01 2.690002880841092647e+01
7.700000000000000000e+01 2.704852245575673564e+01
7.800000000000000000e+01 2.721370856068712385e+01
7.900000000000000000e+01 2.738508970450710223e+01
8.000000000000000000e+01 2.757476470734351537e+01
8.100000000000000000e+01 2.773953118600666912e+01
8.200000000000000000e+01 2.788016354168739497e+01
8.300000000000000000e+01 2.803091876795647508e+01
8.400000000000000000e+01 2.819009647341543356e+01
8.500000000000000000e+01 2.834989711753657105e+01
8.600000000000000000e+01 2.844045133739764353e+01
8.700000000000000000e+01 2.855261181275830751e+01
8.800000000000000000e+01 2.869948051713417314e+01
8.900000000000000000e+01 2.882969574692073422e+01
9.000000000000000000e+01 2.891730108376586728e+01
9.100000000000000000e+01 2.903485617153812726e+01
9.200000000000000000e+01 2.918407915036504363e+01
9.300000000000000000e+01 2.931498875457959485e+01
9.400000000000000000e+01 2.943042354391057103e+01
9.500000000000000000e+01 2.949522548566285352e+01
9.600000000000000000e+01 2.958223929251219886e+01
9.700000000000000000e+01 2.969997812411122240e+01
9.800000000000000000e+01 2.982870447340713937e+01
9.900000000000000000e+01 2.993110820840032815e+01
1.000000000000000000e+02 3.007115633932944831e+01
1.010000000000000000e+02 3.019016505568964348e+01
1.020000000000000000e+02 3.032340963294489811e+01
1.030000000000000000e+02 3.046067220006449716e+01
1.040000000000000000e+02 3.056017799874193486e+01
1.050000000000000000e+02 3.069529395777430736e+01
1.060000000000000000e+02 3.081625458819209840e+01
1.070000000000000000e+02 3.098266860708220349e+01
1.080000000000000000e+02 3.112476417250863037e+01
1.090000000000000000e+02 3.124717358986875126e+01
1.100000000000000000e+02 3.138944234089587937e+01
1.110000000000000000e+02 3.148562263302617126e+01
1.120000000000000000e+02 3.162749720428955413e+01
1.130000000000000000e+02 3.171984209723090942e+01
1.140000000000000000e+02 3.177687424235861613e+01
1.150000000000000000e+02 3.185764368918330192e+01
1.160000000000000000e+02 3.193607670454418468e+01
1.170000000000000000e+02 3.199841466779351151e+01
1.180000000000000000e+02 3.212175826382775767e+01
1.190000000000000000e+02 3.220069381608333714e+01
1.200000000000000000e+02 3.231021343136632851e+01
1.210000000000000000e+02 3.237266875673169153e+01
1.220000000000000000e+02 3.246217357002835513e+01
1.230000000000000000e+02 3.257495155843955104e+01
1.240000000000000000e+02 3.265437593492453772e+01
1.250000000000000000e+02 3.272515569454006368e+01
1.260000000000000000e+02 3.281921592343656613e+01
1.270000000000000000e+02 3.289616042817316810e+01
1.280000000000000000e+02 3.296405577297458933e+01
1.290000000000000000e+02 3.303167790238320833e+01
1.300000000000000000e+02 3.312273666167514108e+01
1.310000000000000000e+02 3.318507926108063799e+01
1.320000000000000000e+02 3.324962390675204205e+01
1.330000000000000000e+02 3.331403325177743824e+01
1.340000000000000000e+02 3.339456711821517843e+01
1.350000000000000000e+02 3.343795063378931331e+01
1.360000000000000000e+02 3.349264715621001187e+01
1.370000000000000000e+02 3.359993048724163600e+01
1.380000000000000000e+02 3.369938650433604721e+01
1.390000000000000000e+02 3.377741727860402676e+01
1.400000000000000000e+02 3.382799458234755008e+01
1.410000000000000000e+02 3.386067368065000238e+01
1.420000000000000000e+02 3.389677174869080289e+01
1.430000000000000000e+02 3.393054519785181355e+01
1.440000000000000000e+02 3.397682525644941620e+01
1.450000000000000000e+02 3.404829710530187015e+01
1.460000000000000000e+02 3.412217397321411028e+01
1.470000000000000000e+02 3.418848935945948853e+01
1.480000000000000000e+02 3.427473566732695787e+01
1.490000000000000000e+02 3.433581227512450340e+01
1.500000000000000000e+02 3.441567542453447004e+01
1.510000000000000000e+02 3.451006377555440707e+01
1.520000000000000000e+02 3.456804257956996906e+01
1.530000000000000000e+02 3.465455421831757121e+01
1.540000000000000000e+02 3.470954692311397594e+01
1.550000000000000000e+02 3.475134514881593617e+01
1.560000000000000000e+02 3.475915284971965491e+01
1.570000000000000000e+02 3.481437672008366491e+01
1.580000000000000000e+02 3.486447471446216895e+01
1.590000000000000000e+02 3.491511418818501511e+01
1.600000000000000000e+02 3.497129239267106726e+01
1.610000000000000000e+02 3.504293438877338929e+01
1.620000000000000000e+02 3.508157314957844619e+01
1.630000000000000000e+02 3.511832246476713237e+01
1.640000000000000000e+02 3.517330988209679532e+01
1.650000000000000000e+02 3.524711182831674705e+01
1.660000000000000000e+02 3.528526105405702396e+01
1.670000000000000000e+02 3.536163935990443008e+01
1.680000000000000000e+02 3.539941596224640818e+01
1.690000000000000000e+02 3.547582709935968381e+01
1.700000000000000000e+02 3.553905709739913732e+01
1.710000000000000000e+02 3.560290953263432101e+01
1.720000000000000000e+02 3.563857202722111595e+01
1.730000000000000000e+02 3.566802914800883428e+01
1.740000000000000000e+02 3.570923664783873619e+01
1.750000000000000000e+02 3.577071203278708822e+01
1.760000000000000000e+02 3.580375061644150492e+01
1.770000000000000000e+02 3.584086761082141948e+01
1.780000000000000000e+02 3.586281283352358429e+01
1.790000000000000000e+02 3.592591758957262016e+01
1.800000000000000000e+02 3.597652425948621158e+01
1.810000000000000000e+02 3.597637768068312170e+01
1.820000000000000000e+02 3.599784745386494933e+01
1.830000000000000000e+02 3.605177233768642253e+01
1.840000000000000000e+02 3.607999098153403850e+01
1.850000000000000000e+02 3.612203129157737180e+01
1.860000000000000000e+02 3.612202534849577518e+01
1.870000000000000000e+02 3.617787937739471715e+01
1.880000000000000000e+02 3.622565067000456906e+01
1.890000000000000000e+02 3.629760672974922642e+01
1.900000000000000000e+02 3.634263502824880021e+01
1.910000000000000000e+02 3.635226388461950364e+01
1.920000000000000000e+02 3.635187825696375796e+01
1.930000000000000000e+02 3.635454941675142493e+01
1.940000000000000000e+02 3.638694913484902571e+01
1.950000000000000000e+02 3.644306804899030539e+01
1.960000000000000000e+02 3.649263825742742284e+01
1.970000000000000000e+02 3.652392869541456832e+01
1.980000000000000000e+02 3.657185840480572381e+01
1.990000000000000000e+02 3.655460251178082842e+01
2.000000000000000000e+02 3.657103650199484690e+01
2.010000000000000000e+02 3.658308006932389134e+01
2.020000000000000000e+02 3.658208356221112467e+01
2.030000000000000000e+02 3.662519599296123829e+01
2.040000000000000000e+02 3.664567065114498234e+01
2.050000000000000000e+02 3.665941791818515583e+01
2.060000000000000000e+02 3.671426428809227360e+01
2.070000000000000000e+02 3.676929691152002988e+01
2.080000000000000000e+02 3.680346237456361536e+01
2.090000000000000000e+02 3.682301451397800918e+01
2.100000000000000000e+02 3.685401771346842281e+01
2.110000000000000000e+02 3.689283580894633729e+01
2.120000000000000000e+02 3.695662245228319875e+01
2.130000000000000000e+02 3.699237373428383790e+01
2.140000000000000000e+02 3.701191472102230762e+01
2.150000000000000000e+02 3.701168434700117160e+01
2.160000000000000000e+02 3.705391330811941231e+01
2.170000000000000000e+02 3.707932749386034033e+01
2.180000000000000000e+02 3.711583386764431935e+01
2.190000000000000000e+02 3.716524351193961451e+01
2.200000000000000000e+02 3.723614044193237760e+01
2.210000000000000000e+02 3.726427211414520713e+01
2.220000000000000000e+02 3.732927050792724799e+01
2.230000000000000000e+02 3.734643722424340950e+01
2.240000000000000000e+02 3.739688138111885962e+01
2.250000000000000000e+02 3.742170862548236698e+01
2.260000000000000000e+02 3.742884186189994011e+01
2.270000000000000000e+02 3.746242418641283223e+01
2.280000000000000000e+02 3.747392090804954989e+01
2.290000000000000000e+02 3.747844829425076085e+01
2.300000000000000000e+02 3.745592951557414096e+01
2.310000000000000000e+02 3.746107488880047498e+01
2.320000000000000000e+02 3.746162349996912866e+01
2.330000000000000000e+02 3.749304447684123431e+01
2.340000000000000000e+02 3.750892971015595379e+01
2.350000000000000000e+02 3.750840797793589587e+01
2.360000000000000000e+02 3.754132042050983387e+01
2.370000000000000000e+02 3.754054080627221879e+01
2.380000000000000000e+02 3.751711722772326851e+01
2.390000000000000000e+02 3.750042130436593624e+01
2.400000000000000000e+02 3.752655536308519402e+01
2.410000000000000000e+02 3.750232593432204453e+01
2.420000000000000000e+02 3.751261364932776132e+01
2.430000000000000000e+02 3.751139450411176313e+01
2.440000000000000000e+02 3.750328944707325007e+01
2.450000000000000000e+02 3.750839993413221407e+01
2.460000000000000000e+02 3.751288086143254930e+01
2.470000000000000000e+02 3.752901987765750391e+01
2.480000000000000000e+02 3.752320053321361826e+01
2.490000000000000000e+02 3.754120429370476586e+01
2.500000000000000000e+02 3.754046870122357404e+01
2.510000000000000000e+02 3.759354889801388566e+01
2.520000000000000000e+02 3.760877936573575653e+01
2.530000000000000000e+02 3.759630303328317780e+01
2.540000000000000000e+02 3.756915372470130166e+01
2.550000000000000000e+02 3.757611194511550678e+01
2.560000000000000000e+02 3.760761574376154215e+01
2.570000000000000000e+02 3.762157977646783280e+01
2.580000000000000000e+02 3.762797122506330538e+01
2.590000000000000000e+02 3.767326429786620423e+01
2.600000000000000000e+02 3.765629206573841969e+01
2.610000000000000000e+02 3.768942767213162170e+01
2.620000000000000000e+02 3.764068839263219957e+01
2.630000000000000000e+02 3.764486985899190330e+01
2.640000000000000000e+02 3.767120208512163515e+01
2.650000000000000000e+02 3.768821203699151567e+01
2.660000000000000000e+02 3.766596506589826276e+01
2.670000000000000000e+02 3.765932858222361546e+01
2.680000000000000000e+02 3.769569925975133629e+01
2.690000000000000000e+02 3.770464983101841483e+01
2.700000000000000000e+02 3.770929673019987405e+01
2.710000000000000000e+02 3.767920494351326965e+01
2.720000000000000000e+02 3.765779407290580139e+01
2.730000000000000000e+02 3.769856716338404112e+01
2.740000000000000000e+02 3.766829902117601137e+01
2.750000000000000000e+02 3.767159523319465819e+01
2.760000000000000000e+02 3.767316177841214397e+01
2.770000000000000000e+02 3.768280489037798731e+01
2.780000000000000000e+02 3.767989825385686942e+01
2.790000000000000000e+02 3.764897572507365453e+01
2.800000000000000000e+02 3.765274906604394545e+01
2.810000000000000000e+02 3.761496750113300180e+01
2.820000000000000000e+02 3.757953003894472488e+01
2.830000000000000000e+02 3.753408100316932661e+01
2.840000000000000000e+02 3.749436474710416434e+01
2.850000000000000000e+02 3.744573969297897520e+01
2.860000000000000000e+02 3.747053016685399029e+01
2.870000000000000000e+02 3.746158116437204200e+01
2.880000000000000000e+02 3.744503648631116732e+01
2.890000000000000000e+02 3.738640408841087037e+01
2.900000000000000000e+02 3.733845569937031428e+01
2.910000000000000000e+02 3.726872458928436771e+01
2.920000000000000000e+02 3.722912297910121993e+01
2.930000000000000000e+02 3.721188548521038797e+01
2.940000000000000000e+02 3.723563126391866973e+01
2.950000000000000000e+02 3.725086324510256475e+01
2.960000000000000000e+02 3.724344472967201369e+01
2.970000000000000000e+02 3.721914755789931917e+01
2.980000000000000000e+02 3.719113929684426978e+01
2.990000000000000000e+02 3.715256072699379786e+01
3.000000000000000000e+02 3.712785954826345858e+01
3.010000000000000000e+02 3.709286025693238997e+01
3.020000000000000000e+02 3.704708322659884345e+01
3.030000000000000000e+02 3.702599280266591109e+01
3.040000000000000000e+02 3.699685575303678320e+01
3.050000000000000000e+02 3.698065472265577824e+01
3.060000000000000000e+02 3.694490370111058297e+01
3.070000000000000000e+02 3.687383154068300684e+01
3.080000000000000000e+02 3.683874560345405058e+01
3.090000000000000000e+02 3.680617072792726674e+01
3.100000000000000000e+02 3.679887750553410086e+01
3.110000000000000000e+02 3.682018780414603754e+01
3.120000000000000000e+02 3.674662304282544767e+01
3.130000000000000000e+02 3.671521791615746366e+01
3.140000000000000000e+02 3.667053918322751116e+01
3.150000000000000000e+02 3.663053969679142341e+01
3.160000000000000000e+02 3.659276497954918739e+01
3.170000000000000000e+02 3.656926059118263339e+01
3.180000000000000000e+02 3.654691009640386312e+01
3.190000000000000000e+02 3.648611004513333000e+01
3.200000000000000000e+02 3.642931575192773863e+01
3.210000000000000000e+02 3.637432906939256583e+01
3.220000000000000000e+02 3.635578375530605655e+01
3.230000000000000000e+02 3.634317779600434761e+01
3.240000000000000000e+02 3.632230780929360492e+01
3.250000000000000000e+02 3.630146010656604716e+01
3.260000000000000000e+02 3.624453146724094665e+01
3.270000000000000000e+02 3.622985130541276533e+01
3.280000000000000000e+02 3.617487432534274205e+01
3.290000000000000000e+02 3.608895721647347443e+01
3.300000000000000000e+02 3.605948040805241561e+01
3.310000000000000000e+02 3.600605823308013242e+01
3.320000000000000000e+02 3.596291323006317242e+01
3.330000000000000000e+02 3.594157315941418318e+01
3.340000000000000000e+02 3.593565273112279357e+01
3.350000000000000000e+02 3.591431203681614193e+01
3.360000000000000000e+02 3.588703309953319831e+01
3.370000000000000000e+02 3.582246543452842502e+01
3.380000000000000000e+02 3.573788840295615188e+01
3.390000000000000000e+02 3.566147263992906602e+01
3.400000000000000000e+02 3.556286458409145723e+01
3.410000000000000000e+02 3.550408163471669809e+01
3.420000000000000000e+02 3.545721335393756135e+01
3.430000000000000000e+02 3.541024875918813564e+01
3.440000000000000000e+02 3.538777064532725802e+01
3.450000000000000000e+02 3.533137460896558935e+01
3.460000000000000000e+02 3.526933229644832579e+01
3.470000000000000000e+02 3.521744902597291826e+01
3.480000000000000000e+02 3.517707013816762185e+01
3.490000000000000000e+02 3.510307060343597385e+01
3.500000000000000000e+02 3.504689941612539883e+01
3.510000000000000000e+02 3.501540803411512570e+01
3.520000000000000000e+02 3.491940228329562501e+01
3.530000000000000000e+02 3.487012608850330508e+01
3.540000000000000000e+02 3.480998136354581618e+01
3.550000000000000000e+02 3.475479295490674758e+01
3.560000000000000000e+02 3.472301570256404801e+01
3.570000000000000000e+02 3.467752954573219881e+01
3.580000000000000000e+02 3.463617412918094374e+01
3.590000000000000000e+02 3.456924279526078436e+01
3.600000000000000000e+02 3.453255140105096643e+01
3.610000000000000000e+02 3.448355212906746203e+01
3.620000000000000000e+02 3.440317102366883972e+01
3.630000000000000000e+02 3.433700429367522844e+01
3.640000000000000000e+02 3.429088934464266458e+01
3.650000000000000000e+02 3.425047858947639412e+01
3.660000000000000000e+02 3.418691333354833972e+01
3.670000000000000000e+02 3.412040464571024501e+01
3.680000000000000000e+02 3.408320214835068640e+01
3.690000000000000000e+02 3.398526395729366101e+01
3.700000000000000000e+02 3.393347082637233569e+01
3.710000000000000000e+02 3.387690042148680192e+01
3.720000000000000000e+02 3.382722149235904396e+01
3.730000000000000000e+02 3.376964623070315241e+01
3.740000000000000000e+02 3.368852935042725960e+01
3.750000000000000000e+02 3.362852838392800692e+01
3.760000000000000000e+02 3.355331168165355393e+01
3.770000000000000000e+02 3.349761498325577236e+01
3.780000000000000000e+02 3.343978842850766142e+01
3.790000000000000000e+02 3.340678293260269527e+01
3.800000000000000000e+02 3.334821308548174557e+01
3.810000000000000000e+02 3.326586507387541047e+01
3.820000000000000000e+02 3.318018894198726088e+01
3.830000000000000000e+02 3.308927049637755147e+01
3.840000000000000000e+02 3.298851183518242181e+01
3.850000000000000000e+02 3.287345873968587995e+01
3.860000000000000000e+02 3.279210668615880309e+01
3.870000000000000000e+02 3.273114115591030782e+01
3.880000000000000000e+02 3.264873940364154947e+01
3.890000000000000000e+02 3.254791931085462409e+01
3.900000000000000000e+02 3.243025025194246780e+01
3.910000000000000000e+02 3.234255815728323569e+01
3.920000000000000000e+02 3.226691602431262140e+01
3.930000000000000000e+02 3.221583635243302979e+01
3.940000000000000000e+02 3.211508422544216756e+01
3.950000000000000000e+02 3.203203309976666446e+01
3.960000000000000000e+02 3.192016556815003625e+01
3.970000000000000000e+02 3.178670500283346101e+01
3.980000000000000000e+02 3.169202311719581999e+01
3.990000000000000000e+02 3.159230932368934575e+01
4.000000000000000000e+02 3.149617402943095001e+01
4.010000000000000000e+02 3.137488856205879273e+01
4.020000000000000000e+02 3.125184258590210717e+01
4.030000000000000000e+02 3.111182600736882975e+01
4.040000000000000000e+02 3.102699229609014964e+01
4.050000000000000000e+02 3.094173277855633941e+01
4.060000000000000000e+02 3.079571110408409140e+01
4.070000000000000000e+02 3.063077408871063412e+01
4.080000000000000000e+02 3.051509662891977115e+01
4.090000000000000000e+02 3.038127129391659054e+01
4.100000000000000000e+02 3.028487000098648707e+01
4.110000000000000000e+02 3.020044764504849155e+01
4.120000000000000000e+02 3.009694798179948805e+01
4.130000000000000000e+02 2.999067770911545239e+01
4.140000000000000000e+02 2.990656485737033066e+01
4.150000000000000000e+02 2.980495805662192410e+01
4.160000000000000000e+02 2.972812533073820163e+01
4.170000000000000000e+02 2.960232001511105437e+01
4.180000000000000000e+02 2.944115509118520535e+01
4.190000000000000000e+02 2.932029956846142582e+01
4.200000000000000000e+02 2.919326519467475123e+01
4.210000000000000000e+02 2.907439122164937118e+01
4.220000000000000000e+02 2.893026374678485979e+01
4.230000000000000000e+02 2.877532136216337122e+01
4.240000000000000000e+02 2.864915951810632677e+01
4.250000000000000000e+02 2.852144297620811386e+01
4.260000000000000000e+02 2.840088767513953272e+01
4.270000000000000000e+02 2.827117845682897368e+01
4.280000000000000000e+02 2.815831313682809878e+01
4.290000000000000000e+02 2.802849315329576996e+01
4.300000000000000000e+02 2.789937566506366196e+01
4.310000000000000000e+02 2.773863136867977275e+01
4.320000000000000000e+02 2.759674053094984814e+01
4.330000000000000000e+02 2.745116020743140339e+01
4.340000000000000000e+02 2.730372406795675744e+01
4.350000000000000000e+02 2.715723674851680869e+01
4.360000000000000000e+02 2.700868606110743997e+01
4.370000000000000000e+02 2.684919644257618287e+01
4.380000000000000000e+02 2.668274513233778222e+01
4.390000000000000000e+02 2.648169605894641876e+01
4.400000000000000000e+02 2.634876995078216666e+01
4.410000000000000000e+02 2.618790164705739087e+01
4.420000000000000000e+02 2.595819008802240191e+01
4.430000000000000000e+02 2.578923690678216118e+01
4.440000000000000000e+02 2.560307849382268941e+01
4.450000000000000000e+02 2.543522626897418348e+01
4.460000000000000000e+02 2.527208341458961627e+01
4.470000000000000000e+02 2.513328067408986399e+01
4.480000000000000000e+02 2.494561784585410180e+01
4.490000000000000000e+02 2.477259547792243310e+01
4.500000000000000000e+02 2.453576807343152311e+01
4.510000000000000000e+02 2.435869272998587931e+01
4.520000000000000000e+02 2.417844440204084577e+01
4.530000000000000000e+02 2.394794668006957394e+01
4.540000000000000000e+02 2.375366748038534936e+01
4.550000000000000000e+02 2.356216850300257803e+01
4.560000000000000000e+02 2.336519494172007327e+01
4.570000000000000000e+02 2.315941256940248039e+01
4.580000000000000000e+02 2.295488765314271618e+01
4.590000000000000000e+02 2.269344610254549011e+01
4.600000000000000000e+02 2.246636735398550044e+01
4.610000000000000000e+02 2.221976198584017226e+01
4.620000000000000000e+02 2.203238639180652214e+01
4.630000000000000000e+02 2.180408508914690557e+01
4.640000000000000000e+02 2.156705776898578719e+01
4.650000000000000000e+02 2.133150581747161567e+01
4.660000000000000000e+02 2.109645238824964864e+01
4.670000000000000000e+02 2.086608061085154020e+01
4.680000000000000000e+02 2.056788004984213458e+01
4.690000000000000000e+02 2.031171454638398188e+01
4.700000000000000000e+02 2.002001472432982609e+01
4.710000000000000000e+02 1.973130803054852933e+01
4.720000000000000000e+02 1.940176099832569889e+01
4.730000000000000000e+02 1.908560249450277979e+01
4.740000000000000000e+02 1.878137135530854351e+01
4.750000000000000000e+02 1.846011708836912391e+01
4.760000000000000000e+02 1.816161812427240818e+01
4.770000000000000000e+02 1.785006455880499487e+01
4.780000000000000000e+02 1.752971205280188371e+01
4.790000000000000000e+02 1.715544450760722839e+01
4.800000000000000000e+02 1.684172673626981620e+01
4.810000000000000000e+02 1.651211973910173114e+01
4.820000000000000000e+02 1.617950189049519238e+01
4.830000000000000000e+02 1.586146701875525800e+01
4.840000000000000000e+02 1.550891570266039743e+01
4.850000000000000000e+02 1.515113959695091239e+01
4.860000000000000000e+02 1.479907586253968788e+01
4.870000000000000000e+02 1.439918164639893305e+01
4.880000000000000000e+02 1.406887936218548774e+01
4.890000000000000000e+02 1.369134405559317180e+01
4.900000000000000000e+02 1.328482367182852464e+01
4.910000000000000000e+02 1.285577752507848182e+01
4.920000000000000000e+02 1.240299788163159000e+01
4.930000000000000000e+02 1.197936658177565228e+01
4.940000000000000000e+02 1.154600498392832009e+01
4.950000000000000000e+02 1.114796137165352974e+01
4.960000000000000000e+02 1.063605101047900092e+01
4.970000000000000000e+02 1.013683117585692095e+01
4.980000000000000000e+02 9.631329853203913771e+00
4.990000000000000000e+02 9.110705664581253416e+00
5.000000000000000000e+02 8.612885468535084854e+00
5.010000000000000000e+02 8.066345514725323795e+00
5.020000000000000000e+02 7.469815231096441188e+00
5.030000000000000000e+02 6.839190399319780234e+00
5.040000000000000000e+02 6.206091053325217821e+00
5.050000000000000000e+02 5.560297197052728180e+00
5.060000000000000000e+02 4.907485687013066311e+00
5.070000000000000000e+02 4.190744827836608621e+00
5.080000000000000000e+02 3.426668503372788166e+00
5.090000000000000000e+02 2.650452137497270932e+00
5.100000000000000000e+02 1.813175518042772882e+00
5.110000000000000000e+02 9.178588045417404029e-01
