0.000000000000000000e+00 1.466589149843531377e-03
0.000000000000000000e+00 2.442573048805630077e-03
0.000000000000000000e+00 4.143010490504578716e-03
0.000000000000000000e+00 6.162981814300167761e-03
0.000000000000000000e+00 6.975328095285223545e-03
0.000000000000000000e+00 7.837202989190847000e-03
0.000000000000000000e+00 9.289277761551358731e-03
0.000000000000000000e+00 1.008258329306017075e-02
0.000000000000000000e+00 1.139893149243651968e-02
0.000000000000000000e+00 1.161391359365261840e-02
0.000000000000000000e+00 1.308675946414415703e-02
0.000000000000000000e+00 1.287691021454749792e-02
0.000000000000000000e+00 1.461542442696751702e-02
0.000000000000000000e+00 1.529652691836459917e-02
0.000000000000000000e+00 1.501791063201473111e-02
0.000000000000000000e+00 1.617018692592053775e-02
0.000000000000000000e+00 1.599948761901950553e-02
0.000000000000000000e+00 1.755553941822630970e-02
0.000000000000000000e+00 1.958154835523236159e-02
0.000000000000000000e+00 1.890087597418558737e-02
0.000000000000000000e+00 2.087789447961800604e-02
0.000000000000000000e+00 2.314556428047033834e-02
0.000000000000000000e+00 2.495753366890087963e-02
0.000000000000000000e+00 2.828857500853094661e-02
0.000000000000000000e+00 2.867512204153233046e-02
0.000000000000000000e+00 3.098547610609750369e-02
0.000000000000000000e+00 3.247995563674085928e-02
0.000000000000000000e+00 3.440641743090375182e-02
0.000000000000000000e+00 3.472470736214684772e-02
0.000000000000000000e+00 3.467484785211390197e-02
0.000000000000000000e+00 3.546509815507366270e-02
0.000000000000000000e+00 3.692253378940147518e-02
0.000000000000000000e+00 3.760727441486251543e-02
0.000000000000000000e+00 3.667971477631717242e-02
0.000000000000000000e+00 3.674587708822472931e-02
0.000000000000000000e+00 3.858607682461585170e-02
0.000000000000000000e+00 3.850550448487351923e-02
0.000000000000000000e+00 3.834749938899439242e-02
0.000000000000000000e+00 3.846227562387768972e-02
0.000000000000000000e+00 4.088835443424167215e-02
0.000000000000000000e+00 4.122865341550891599e-02
0.000000000000000000e+00 4.086068011428314883e-02
0.000000000000000000e+00 4.124755574651530615e-02
0.000000000000000000e+00 4.256150972511130864e-02
0.000000000000000000e+00 4.445095363084755613e-02
0.000000000000000000e+00 4.376193510800328174e-02
0.000000000000000000e+00 4.316797489943859090e-02
0.000000000000000000e+00 4.438759895643424463e-02
0.000000000000000000e+00 4.586607597392725749e-02
0.000000000000000000e+00 4.569537088448780843e-02
0.000000000000000000e+00 4.639091347497287937e-02
0.000000000000000000e+00 4.874694091351182423e-02
0.000000000000000000e+00 4.878819734980275463e-02
0.000000000000000000e+00 4.950488016289763399e-02
0.000000000000000000e+00 5.147748675529954104e-02
0.000000000000000000e+00 5.125744742376863589e-02
0.000000000000000000e+00 5.273110704568657187e-02
0.000000000000000000e+00 5.441216426588395966e-02
0.000000000000000000e+00 5.537153681687016771e-02
0.000000000000000000e+00 5.653201476369656975e-02
0.000000000000000000e+00 5.790279497238018380e-02
0.000000000000000000e+00 5.963715853431446334e-02
0.000000000000000000e+00 6.065427616949872064e-02
0.000000000000000000e+00 6.037972634520435283e-02
0.000000000000000000e+00 6.306683785932697128e-02
0.000000000000000000e+00 6.407945605009572609e-02
0.000000000000000000e+00 6.127161322712550151e-02
0.000000000000000000e+00 6.353861081076685180e-02
0.000000000000000000e+00 6.262513548515930006e-02
0.000000000000000000e+00 6.292000801340692784e-02
0.000000000000000000e+00 6.146608354623558923e-02
0.000000000000000000e+00 6.008619099259018825e-02
0.000000000000000000e+00 6.144008827099738113e-02
0.000000000000000000e+00 6.451216916225048503e-02
0.000000000000000000e+00 6.480616896500991653e-02
0.000000000000000000e+00 6.609669132328165053e-02
0.000000000000000000e+00 6.738060509912292828e-02
0.000000000000000000e+00 6.784603367833887122e-02
0.000000000000000000e+00 6.918720314914938996e-02
0.000000000000000000e+00 6.963341095908774647e-02
0.000000000000000000e+00 6.849949231163621199e-02
0.000000000000000000e+00 6.769873979737583980e-02
0.000000000000000000e+00 6.891959715761895866e-02
0.000000000000000000e+00 7.273202935854734819e-02
0.000000000000000000e+00 7.313290474503891803e-02
0.000000000000000000e+00 7.362032156799284965e-02
0.000000000000000000e+00 7.256954688229927397e-02
0.000000000000000000e+00 7.219363549086708909e-02
0.000000000000000000e+00 7.052444674927346724e-02
0.000000000000000000e+00 7.027099349914842086e-02
0.000000000000000000e+00 7.330123561690904399e-02
0.000000000000000000e+00 7.569937632489770474e-02
0.000000000000000000e+00 7.932838130906233465e-02
0.000000000000000000e+00 7.971835862428684749e-02
0.000000000000000000e+00 8.027094826774694436e-02
0.000000000000000000e+00 7.962155042681773320e-02
0.000000000000000000e+00 8.134087396351145915e-02
0.000000000000000000e+00 8.033363902639097109e-02
0.000000000000000000e+00 7.995605648767341311e-02
0.000000000000000000e+00 8.104889111520320599e-02
0.000000000000000000e+00 8.089944382632890951e-02
0.000000000000000000e+00 8.097812219404662559e-02
0.000000000000000000e+00 8.112588741277008964e-02
0.000000000000000000e+00 8.148642433605159108e-02
0.000000000000000000e+00 8.286518875474319090e-02
0.000000000000000000e+00 8.595113555489608537e-02
0.000000000000000000e+00 8.512523044274147854e-02
0.000000000000000000e+00 8.375945986045482683e-02
0.000000000000000000e+00 8.226218360140205577e-02
0.000000000000000000e+00 8.239389359566733073e-02
0.000000000000000000e+00 8.362433148812160877e-02
0.000000000000000000e+00 7.900519106381030665e-02
0.000000000000000000e+00 7.708751817536939333e-02
0.000000000000000000e+00 7.722806120500459726e-02
0.000000000000000000e+00 7.868268492065190467e-02
0.000000000000000000e+00 7.855512173821924127e-02
0.000000000000000000e+00 7.829093861486788319e-02
0.000000000000000000e+00 7.651009270985500987e-02
0.000000000000000000e+00 7.628380100340420578e-02
0.000000000000000000e+00 7.716325348445760013e-02
0.000000000000000000e+00 7.877623411198352021e-02
0.000000000000000000e+00 7.801328530808242234e-02
0.000000000000000000e+00 7.694397519001690278e-02
0.000000000000000000e+00 7.543144599457146660e-02
0.000000000000000000e+00 7.647318599070090928e-02
0.000000000000000000e+00 7.815718395469961610e-02
0.000000000000000000e+00 7.752980155381271332e-02
0.000000000000000000e+00 7.429327520235531890e-02
0.000000000000000000e+00 7.189553672861932754e-02
0.000000000000000000e+00 7.164240009227898498e-02
0.000000000000000000e+00 6.899312372622183609e-02
0.000000000000000000e+00 6.836977473275526740e-02
0.000000000000000000e+00 6.737802718559078585e-02
0.000000000000000000e+00 6.967160476042466577e-02
0.000000000000000000e+00 7.448743724730377824e-02
0.000000000000000000e+00 7.447260613486203495e-02
0.000000000000000000e+00 7.334847586056109092e-02
0.000000000000000000e+00 7.346555057098286268e-02
0.000000000000000000e+00 7.330756453108770720e-02
0.000000000000000000e+00 7.411324147504579074e-02
0.000000000000000000e+00 7.571786815642199409e-02
0.000000000000000000e+00 7.546119461429613706e-02
0.000000000000000000e+00 7.532154689023960736e-02
0.000000000000000000e+00 7.770600422357056003e-02
0.000000000000000000e+00 7.763937122930344992e-02
0.000000000000000000e+00 7.791544172195577489e-02
0.000000000000000000e+00 7.859860730271737983e-02
0.000000000000000000e+00 7.829015517977602756e-02
0.000000000000000000e+00 8.025633344851058892e-02
0.000000000000000000e+00 8.080138610551559908e-02
0.000000000000000000e+00 8.043982895121956633e-02
0.000000000000000000e+00 7.991965642224038713e-02
0.000000000000000000e+00 8.075159834762260513e-02
0.000000000000000000e+00 8.526804521248319835e-02
0.000000000000000000e+00 8.619695189369194765e-02
0.000000000000000000e+00 8.281872609058565926e-02
0.000000000000000000e+00 8.121315592972419561e-02
0.000000000000000000e+00 8.080542244755370418e-02
0.000000000000000000e+00 7.990156040071000332e-02
0.000000000000000000e+00 8.269438225249346741e-02
0.000000000000000000e+00 8.308338251129647467e-02
0.000000000000000000e+00 8.199928544159117150e-02
0.000000000000000000e+00 8.373392277205285450e-02
0.000000000000000000e+00 8.183224905961042350e-02
0.000000000000000000e+00 7.964611307161013898e-02
0.000000000000000000e+00 7.910126627677192823e-02
0.000000000000000000e+00 8.173344917791039443e-02
0.000000000000000000e+00 8.095805981389599115e-02
0.000000000000000000e+00 8.012926026773008192e-02
0.000000000000000000e+00 8.002650257993969285e-02
0.000000000000000000e+00 8.173121900808343054e-02
0.000000000000000000e+00 8.248493393715389255e-02
0.000000000000000000e+00 8.485425151579795155e-02
0.000000000000000000e+00 8.627765341921678210e-02
0.000000000000000000e+00 8.544147008150303202e-02
0.000000000000000000e+00 8.619463983258075779e-02
0.000000000000000000e+00 8.389525939922105879e-02
0.000000000000000000e+00 8.632296903960431922e-02
0.000000000000000000e+00 8.513842728160386786e-02
0.000000000000000000e+00 8.645789047316328191e-02
0.000000000000000000e+00 8.848105334065968497e-02
0.000000000000000000e+00 8.763155799805394386e-02
0.000000000000000000e+00 8.669233920923941072e-02
0.000000000000000000e+00 8.486677279375882954e-02
0.000000000000000000e+00 8.086639250083099695e-02
0.000000000000000000e+00 7.819240687890968711e-02
0.000000000000000000e+00 7.975487808352903218e-02
0.000000000000000000e+00 7.684205284713750694e-02
0.000000000000000000e+00 7.809422841146301808e-02
0.000000000000000000e+00 7.857380029518928888e-02
0.000000000000000000e+00 8.351476294403759049e-02
0.000000000000000000e+00 8.385589155509537429e-02
0.000000000000000000e+00 8.333701104751531363e-02
0.000000000000000000e+00 8.427702555678394380e-02
0.000000000000000000e+00 8.740522236293360447e-02
0.000000000000000000e+00 8.746347191277371869e-02
0.000000000000000000e+00 8.683788120580013259e-02
0.000000000000000000e+00 8.659403692904604766e-02
0.000000000000000000e+00 8.490944612518008805e-02
0.000000000000000000e+00 8.631218434345840074e-02
0.000000000000000000e+00 8.671106087300285703e-02
0.000000000000000000e+00 8.668616780139141997e-02
0.000000000000000000e+00 8.913143108172737195e-02
0.000000000000000000e+00 9.045842001449773406e-02
0.000000000000000000e+00 9.105291168671647561e-02
0.000000000000000000e+00 9.025773597234594547e-02
0.000000000000000000e+00 9.059859022987627741e-02
0.000000000000000000e+00 9.188952188649297803e-02
0.000000000000000000e+00 9.049341816094159940e-02
0.000000000000000000e+00 9.195309878444551943e-02
0.000000000000000000e+00 9.395506803963077358e-02
0.000000000000000000e+00 9.476748971714726855e-02
0.000000000000000000e+00 9.320601726447305668e-02
0.000000000000000000e+00 9.655767649495244909e-02
0.000000000000000000e+00 9.599385828868071957e-02
0.000000000000000000e+00 9.875705143408278208e-02
0.000000000000000000e+00 9.742780219170552036e-02
0.000000000000000000e+00 9.578853795359587586e-02
0.000000000000000000e+00 9.510463062714118176e-02
0.000000000000000000e+00 9.730473286034517499e-02
0.000000000000000000e+00 9.659617881580714882e-02
0.000000000000000000e+00 9.755355434044386820e-02
0.000000000000000000e+00 9.829667045776739609e-02
0.000000000000000000e+00 9.831031964146383362e-02
0.000000000000000000e+00 9.712472386702647453e-02
0.000000000000000000e+00 9.554070002816360263e-02
0.000000000000000000e+00 9.849827463799559757e-02
0.000000000000000000e+00 9.755672883120623806e-02
0.000000000000000000e+00 9.910229398261218015e-02
0.000000000000000000e+00 1.001369856062032243e-01
0.000000000000000000e+00 1.006289264880827622e-01
0.000000000000000000e+00 1.020828628514085651e-01
0.000000000000000000e+00 9.964706834589472095e-02
0.000000000000000000e+00 9.798723033092308909e-02
0.000000000000000000e+00 9.765434285804158732e-02
0.000000000000000000e+00 9.574873195942193438e-02
0.000000000000000000e+00 9.439335623755576443e-02
0.000000000000000000e+00 9.454318767937505696e-02
0.000000000000000000e+00 9.700088851704424808e-02
0.000000000000000000e+00 1.008204334775071181e-01
0.000000000000000000e+00 9.958151395984717047e-02
0.000000000000000000e+00 1.029605986080952273e-01
0.000000000000000000e+00 1.013448740911892798e-01
0.000000000000000000e+00 1.019152403223788222e-01
0.000000000000000000e+00 1.012019134580721957e-01
0.000000000000000000e+00 1.024799738961143236e-01
0.000000000000000000e+00 9.922731614323043736e-02
0.000000000000000000e+00 9.900196987171398788e-02
0.000000000000000000e+00 1.018148220978866147e-01
0.000000000000000000e+00 1.008551698914043060e-01
0.000000000000000000e+00 9.957691843039992441e-02
0.000000000000000000e+00 9.866892476427159553e-02
0.000000000000000000e+00 9.620614491931331336e-02
0.000000000000000000e+00 9.494136770522389190e-02
0.000000000000000000e+00 9.441455393904055193e-02
0.000000000000000000e+00 9.621722117433337274e-02
0.000000000000000000e+00 9.668844367046021404e-02
0.000000000000000000e+00 9.551161873560236326e-02
0.000000000000000000e+00 9.397272336630532741e-02
0.000000000000000000e+00 9.467841899002536754e-02
0.000000000000000000e+00 9.783716813516332711e-02
0.000000000000000000e+00 9.291778872574789350e-02
0.000000000000000000e+00 9.308856971283370474e-02
0.000000000000000000e+00 8.912955222337252958e-02
0.000000000000000000e+00 8.877875326043228876e-02
0.000000000000000000e+00 8.673310061088448930e-02
0.000000000000000000e+00 8.413042456893790599e-02
0.000000000000000000e+00 8.515305323160950179e-02
0.000000000000000000e+00 8.495452919667437208e-02
0.000000000000000000e+00 8.302861978803340037e-02
0.000000000000000000e+00 8.360280948789100552e-02
0.000000000000000000e+00 8.505010906030038842e-02
0.000000000000000000e+00 8.102501389501602647e-02
0.000000000000000000e+00 8.134727209226254308e-02
0.000000000000000000e+00 8.033001386381209696e-02
0.000000000000000000e+00 7.862587271806993627e-02
0.000000000000000000e+00 7.558820750414664558e-02
0.000000000000000000e+00 7.383403967929252909e-02
0.000000000000000000e+00 7.252903595635885881e-02
0.000000000000000000e+00 7.115241626705816336e-02
0.000000000000000000e+00 7.438031967452968241e-02
0.000000000000000000e+00 7.573604963366407927e-02
0.000000000000000000e+00 7.442699431408690558e-02
0.000000000000000000e+00 7.501875115561881802e-02
0.000000000000000000e+00 7.618323841295829291e-02
0.000000000000000000e+00 7.251196140561869119e-02
0.000000000000000000e+00 7.179070229888592780e-02
0.000000000000000000e+00 6.973423773406740855e-02
0.000000000000000000e+00 6.963831110382902312e-02
0.000000000000000000e+00 6.717511361370938350e-02
0.000000000000000000e+00 6.763320055275127973e-02
0.000000000000000000e+00 6.700188277375908330e-02
0.000000000000000000e+00 7.026829422398300773e-02
0.000000000000000000e+00 6.990814816208258675e-02
0.000000000000000000e+00 7.281810781471163840e-02
0.000000000000000000e+00 7.445987350066765598e-02
0.000000000000000000e+00 7.503921313395271742e-02
0.000000000000000000e+00 7.677186433859511938e-02
0.000000000000000000e+00 7.533467509494599923e-02
0.000000000000000000e+00 7.446036968155478331e-02
0.000000000000000000e+00 7.496698953025654477e-02
0.000000000000000000e+00 7.297687902174779251e-02
0.000000000000000000e+00 7.607909502768292476e-02
0.000000000000000000e+00 7.557342028264769918e-02
0.000000000000000000e+00 7.620217381695565395e-02
0.000000000000000000e+00 7.774771940048480490e-02
0.000000000000000000e+00 7.968073148592037802e-02
0.000000000000000000e+00 7.819699576474206659e-02
0.000000000000000000e+00 7.840307289221490339e-02
0.000000000000000000e+00 7.754908638797054776e-02
0.000000000000000000e+00 7.740880161593687026e-02
0.000000000000000000e+00 8.015740447625817333e-02
0.000000000000000000e+00 7.741191037372163741e-02
0.000000000000000000e+00 7.495321677437317975e-02
0.000000000000000000e+00 7.327876412032782727e-02
0.000000000000000000e+00 7.126277845785977672e-02
0.000000000000000000e+00 7.111645739287250634e-02
0.000000000000000000e+00 7.278995536566230939e-02
0.000000000000000000e+00 7.463825425350290033e-02
0.000000000000000000e+00 7.369771943109329482e-02
0.000000000000000000e+00 7.406657800130042602e-02
0.000000000000000000e+00 7.337503925575386554e-02
0.000000000000000000e+00 7.535305333680948625e-02
0.000000000000000000e+00 7.537375275019739251e-02
0.000000000000000000e+00 7.476275159229821277e-02
0.000000000000000000e+00 7.270446032967635419e-02
0.000000000000000000e+00 7.062602091548962624e-02
0.000000000000000000e+00 7.025193857384044727e-02
0.000000000000000000e+00 7.248360709035006622e-02
0.000000000000000000e+00 7.087966574614043558e-02
0.000000000000000000e+00 6.940738447560296231e-02
0.000000000000000000e+00 7.007050427704079876e-02
0.000000000000000000e+00 6.820932307243553205e-02
0.000000000000000000e+00 6.719832679219021887e-02
0.000000000000000000e+00 6.933244831754795112e-02
0.000000000000000000e+00 6.821478753815629625e-02
0.000000000000000000e+00 7.146234082799092502e-02
0.000000000000000000e+00 7.039093500912599333e-02
0.000000000000000000e+00 7.207474705340227716e-02
0.000000000000000000e+00 7.244578240631191490e-02
0.000000000000000000e+00 7.134065726343263858e-02
0.000000000000000000e+00 7.072811740675379044e-02
0.000000000000000000e+00 7.110435941983699049e-02
0.000000000000000000e+00 7.145701050008138044e-02
0.000000000000000000e+00 7.205670372119320211e-02
0.000000000000000000e+00 7.247264114103151023e-02
0.000000000000000000e+00 7.370858349186884539e-02
0.000000000000000000e+00 7.421988407872484594e-02
0.000000000000000000e+00 7.210222466379014039e-02
0.000000000000000000e+00 7.235903116737991969e-02
0.000000000000000000e+00 7.028464123451981516e-02
0.000000000000000000e+00 7.349512359222377944e-02
0.000000000000000000e+00 7.534983257527623490e-02
0.000000000000000000e+00 7.429064660682384302e-02
0.000000000000000000e+00 7.524966168426658331e-02
0.000000000000000000e+00 7.372856700171455391e-02
0.000000000000000000e+00 7.196670838589838692e-02
0.000000000000000000e+00 6.997717303876203887e-02
0.000000000000000000e+00 7.386968466787209586e-02
0.000000000000000000e+00 7.601482615937106557e-02
0.000000000000000000e+00 7.315709196645830970e-02
0.000000000000000000e+00 7.367231819119564318e-02
0.000000000000000000e+00 7.392147083743731695e-02
0.000000000000000000e+00 7.242655956412127893e-02
0.000000000000000000e+00 7.029440208270694435e-02
0.000000000000000000e+00 7.008463541204322522e-02
0.000000000000000000e+00 7.005229785492121664e-02
0.000000000000000000e+00 7.216775956641893752e-02
0.000000000000000000e+00 7.272146594449348245e-02
0.000000000000000000e+00 7.145717005959861812e-02
0.000000000000000000e+00 7.085445160240790019e-02
0.000000000000000000e+00 6.978252335174622845e-02
0.000000000000000000e+00 6.844586587694785618e-02
0.000000000000000000e+00 6.913231803547317811e-02
0.000000000000000000e+00 6.691736873567592780e-02
0.000000000000000000e+00 6.652570360018815465e-02
0.000000000000000000e+00 6.655628951173150898e-02
0.000000000000000000e+00 6.745179001245343864e-02
0.000000000000000000e+00 6.612781474771833867e-02
0.000000000000000000e+00 6.644266896121643617e-02
0.000000000000000000e+00 6.482346833650018403e-02
0.000000000000000000e+00 6.654554404316667671e-02
0.000000000000000000e+00 6.448549954340898616e-02
0.000000000000000000e+00 6.610445806444786854e-02
0.000000000000000000e+00 6.537509422364963518e-02
0.000000000000000000e+00 6.378210523774588414e-02
0.000000000000000000e+00 6.398381618859141917e-02
0.000000000000000000e+00 6.058051615625286573e-02
0.000000000000000000e+00 6.179211599023377854e-02
0.000000000000000000e+00 6.177122254429778109e-02
0.000000000000000000e+00 6.195241638763934050e-02
0.000000000000000000e+00 6.215541510493922950e-02
0.000000000000000000e+00 5.891748517114518691e-02
0.000000000000000000e+00 5.929239053535761972e-02
0.000000000000000000e+00 5.812725608345235828e-02
0.000000000000000000e+00 5.745234123507793333e-02
0.000000000000000000e+00 5.833922634522438477e-02
0.000000000000000000e+00 5.985240128244104924e-02
0.000000000000000000e+00 6.241375107291590590e-02
0.000000000000000000e+00 6.349809101517786547e-02
0.000000000000000000e+00 6.321210412854749716e-02
0.000000000000000000e+00 6.580891604285744878e-02
0.000000000000000000e+00 6.547707438621647169e-02
0.000000000000000000e+00 6.596503916346517504e-02
0.000000000000000000e+00 6.540643811905988425e-02
0.000000000000000000e+00 6.572013708503446350e-02
0.000000000000000000e+00 6.596593278700339791e-02
0.000000000000000000e+00 6.424247451728086478e-02
0.000000000000000000e+00 6.243524005643490138e-02
0.000000000000000000e+00 6.053812511525123036e-02
0.000000000000000000e+00 6.094593069214698094e-02
0.000000000000000000e+00 6.044265726510276299e-02
0.000000000000000000e+00 5.713627884846362442e-02
0.000000000000000000e+00 5.588625120971291854e-02
0.000000000000000000e+00 5.519731455457924096e-02
0.000000000000000000e+00 5.474808236527618083e-02
0.000000000000000000e+00 5.345370652918759319e-02
0.000000000000000000e+00 5.441920104068356107e-02
0.000000000000000000e+00 5.458015988147681824e-02
0.000000000000000000e+00 5.337646853990322265e-02
0.000000000000000000e+00 5.377469741692415123e-02
0.000000000000000000e+00 5.328029353886458430e-02
0.000000000000000000e+00 5.282775761800718312e-02
0.000000000000000000e+00 5.055227236863078788e-02
0.000000000000000000e+00 5.199800400037246639e-02
0.000000000000000000e+00 5.127661881413440870e-02
0.000000000000000000e+00 5.391340640552744895e-02
0.000000000000000000e+00 5.556960637471834025e-02
0.000000000000000000e+00 5.526503398312063164e-02
0.000000000000000000e+00 5.843230079356653145e-02
0.000000000000000000e+00 5.796808742322395736e-02
0.000000000000000000e+00 5.554255120973564802e-02
0.000000000000000000e+00 5.622398976216133604e-02
0.000000000000000000e+00 5.714588868791174031e-02
0.000000000000000000e+00 5.812534546409943437e-02
0.000000000000000000e+00 5.638339433475109824e-02
0.000000000000000000e+00 5.760014115196732815e-02
0.000000000000000000e+00 5.705759049352349122e-02
0.000000000000000000e+00 5.826196344522626552e-02
0.000000000000000000e+00 5.822277346499930839e-02
0.000000000000000000e+00 5.676097426991288941e-02
0.000000000000000000e+00 5.696287515170199434e-02
0.000000000000000000e+00 5.646453273623484870e-02
0.000000000000000000e+00 5.705428889081837901e-02
0.000000000000000000e+00 5.441315760954849173e-02
0.000000000000000000e+00 5.323674491334988434e-02
0.000000000000000000e+00 5.064401660549663897e-02
0.000000000000000000e+00 4.997234430930254379e-02
0.000000000000000000e+00 4.982668367232707257e-02
0.000000000000000000e+00 4.952638622402504714e-02
0.000000000000000000e+00 4.757862321683074824e-02
0.000000000000000000e+00 4.738044150422508760e-02
0.000000000000000000e+00 4.632366966568312455e-02
0.000000000000000000e+00 4.558173326436981698e-02
0.000000000000000000e+00 4.303148131667654253e-02
0.000000000000000000e+00 4.129188546761911049e-02
0.000000000000000000e+00 4.148653650164266932e-02
0.000000000000000000e+00 4.046930575054593499e-02
0.000000000000000000e+00 4.148777920086599985e-02
0.000000000000000000e+00 4.312744302465222612e-02
0.000000000000000000e+00 4.248266845253338003e-02
0.000000000000000000e+00 4.435973093250594051e-02
0.000000000000000000e+00 4.493718677503127229e-02
0.000000000000000000e+00 4.295039038265989484e-02
0.000000000000000000e+00 4.162746587676036808e-02
0.000000000000000000e+00 3.984214354592828522e-02
0.000000000000000000e+00 3.901341432926069830e-02
0.000000000000000000e+00 3.748061829811105000e-02
0.000000000000000000e+00 3.747757745916362182e-02
0.000000000000000000e+00 3.432551370434708954e-02
0.000000000000000000e+00 3.296260386224205557e-02
0.000000000000000000e+00 3.215858068296672395e-02
0.000000000000000000e+00 2.883021191823271698e-02
0.000000000000000000e+00 2.751495769905833166e-02
0.000000000000000000e+00 2.714938278617410813e-02
0.000000000000000000e+00 2.831427390135269478e-02
0.000000000000000000e+00 2.821529146307366273e-02
0.000000000000000000e+00 2.755567040743522877e-02
0.000000000000000000e+00 2.891235870387569989e-02
0.000000000000000000e+00 2.746361377424895098e-02
0.000000000000000000e+00 2.776637849961032314e-02
0.000000000000000000e+00 2.720596188332414372e-02
0.000000000000000000e+00 2.671866909756660455e-02
0.000000000000000000e+00 2.701388150857686812e-02
0.000000000000000000e+00 2.654597676458460981e-02
0.000000000000000000e+00 2.543023224392787149e-02
0.000000000000000000e+00 2.470654125611712604e-02
0.000000000000000000e+00 2.364023525875038126e-02
0.000000000000000000e+00 2.301668093126050391e-02
0.000000000000000000e+00 2.303505828136870326e-02
0.000000000000000000e+00 2.096811501947871970e-02
0.000000000000000000e+00 2.133365849994668315e-02
0.000000000000000000e+00 2.098017424172360715e-02
0.000000000000000000e+00 2.091204813436907742e-02
0.000000000000000000e+00 1.955496836431274213e-02
0.000000000000000000e+00 1.772752074341231096e-02
0.000000000000000000e+00 1.570008803219021323e-02
0.000000000000000000e+00 1.457417947095652512e-02
0.000000000000000000e+00 1.309293561405963993e-02
0.000000000000000000e+00 1.287878472810717254e-02
0.000000000000000000e+00 1.077323741473881942e-02
0.000000000000000000e+00 9.538080578747307886e-03
0.000000000000000000e+00 7.834693989131662206e-03
0.000000000000000000e+00 7.260643932040408179e-03
0.000000000000000000e+00 6.427225115335045286e-03
0.000000000000000000e+00 4.910720550200264184e-03
0.000000000000000000e+00 4.671077218060474233e-03
0.000000000000000000e+00 3.807779493700402893e-03
0.000000000000000000e+00 3.323181146668022484e-03
0.000000000000000000e+00 1.868987869325969839e-03
0.000000000000000000e+00 9.400404141845445771e-04
