0.000000000000000000e+00 2.099936516448808188e-02
0.000000000000000000e+00 3.012015259484742205e-02
0.000000000000000000e+00 4.261777759674503091e-02
0.000000000000000000e+00 6.470824690451233707e-02
0.000000000000000000e+00 7.392112362147708338e-02
0.000000000000000000e+00 7.406886614813107395e-02
0.000000000000000000e+00 8.274216887105208251e-02
0.000000000000000000e+00 9.578725916303203192e-02
0.000000000000000000e+00 9.904050722707484489e-02
0.000000000000000000e+00 1.015184937170214852e-01
0.000000000000000000e+00 1.010454005450952125e-01
0.000000000000000000e+00 1.008856712944201373e-01
0.000000000000000000e+00 1.016776543964557494e-01
0.000000000000000000e+00 9.777416815430135799e-02
0.000000000000000000e+00 9.892670627593852517e-02
0.000000000000000000e+00 1.059281558312879096e-01
0.000000000000000000e+00 1.099498251624456691e-01
0.000000000000000000e+00 1.084988073006205173e-01
0.000000000000000000e+00 1.095099923349101140e-01
0.000000000000000000e+00 1.115011973217398950e-01
0.000000000000000000e+00 1.164072078227860324e-01
0.000000000000000000e+00 1.145470580189104637e-01
0.000000000000000000e+00 1.177180214021992383e-01
0.000000000000000000e+00 1.174686998495009377e-01
0.000000000000000000e+00 1.223082732132375616e-01
0.000000000000000000e+00 1.170193370337366812e-01
0.000000000000000000e+00 1.155359457352558156e-01
0.000000000000000000e+00 1.056664053081148719e-01
0.000000000000000000e+00 1.015078386535445409e-01
0.000000000000000000e+00 1.052229477795668250e-01
0.000000000000000000e+00 1.186211871212963231e-01
0.000000000000000000e+00 1.207166961264272698e-01
0.000000000000000000e+00 1.212584116315843091e-01
0.000000000000000000e+00 1.136080087762311591e-01
0.000000000000000000e+00 1.240120534071228048e-01
0.000000000000000000e+00 1.220336985030267413e-01
0.000000000000000000e+00 1.195986542591017526e-01
0.000000000000000000e+00 1.267847909987200594e-01
0.000000000000000000e+00 1.252352789070222405e-01
0.000000000000000000e+00 1.254295885192095172e-01
0.000000000000000000e+00 1.326547257074443820e-01
0.000000000000000000e+00 1.353541275996708315e-01
0.000000000000000000e+00 1.404354529730402201e-01
0.000000000000000000e+00 1.362031695194172443e-01
0.000000000000000000e+00 1.387636197948001193e-01
0.000000000000000000e+00 1.333684276205487351e-01
0.000000000000000000e+00 1.409266751188119338e-01
0.000000000000000000e+00 1.482925680423144155e-01
0.000000000000000000e+00 1.427984367380037145e-01
0.000000000000000000e+00 1.409584057549180536e-01
0.000000000000000000e+00 1.436385109546382821e-01
0.000000000000000000e+00 1.485265528858586703e-01
0.000000000000000000e+00 1.485461787328116456e-01
0.000000000000000000e+00 1.493035168434847515e-01
0.000000000000000000e+00 1.509669302051672157e-01
0.000000000000000000e+00 1.465203968553654701e-01
0.000000000000000000e+00 1.545447182112411610e-01
0.000000000000000000e+00 1.565225260798020768e-01
0.000000000000000000e+00 1.556483222113045906e-01
0.000000000000000000e+00 1.605082458024394698e-01
0.000000000000000000e+00 1.527702962776368856e-01
0.000000000000000000e+00 1.535237780063756496e-01
0.000000000000000000e+00 1.561175411221705778e-01
0.000000000000000000e+00 1.530734539601735500e-01
0.000000000000000000e+00 1.459713242640165720e-01
0.000000000000000000e+00 1.448587327848826489e-01
0.000000000000000000e+00 1.381476941685694515e-01
0.000000000000000000e+00 1.465585488430278527e-01
0.000000000000000000e+00 1.397995383268544334e-01
0.000000000000000000e+00 1.353495091966339936e-01
0.000000000000000000e+00 1.288150609664917845e-01
0.000000000000000000e+00 1.274777823525576059e-01
0.000000000000000000e+00 1.153509441075543374e-01
0.000000000000000000e+00 1.200168695024651511e-01
0.000000000000000000e+00 1.238843980793835758e-01
0.000000000000000000e+00 1.245532984221246614e-01
0.000000000000000000e+00 1.245403032489495188e-01
0.000000000000000000e+00 1.304162756835525738e-01
0.000000000000000000e+00 1.258267916510852347e-01
0.000000000000000000e+00 1.218422773167695816e-01
0.000000000000000000e+00 1.286782818290245212e-01
0.000000000000000000e+00 1.359764951359304364e-01
0.000000000000000000e+00 1.380098783647417393e-01
0.000000000000000000e+00 1.438849055122561615e-01
0.000000000000000000e+00 1.472298535423928745e-01
0.000000000000000000e+00 1.501360531704822865e-01
0.000000000000000000e+00 1.530889374870520458e-01
0.000000000000000000e+00 1.519826871013287561e-01
0.000000000000000000e+00 1.484101070019977486e-01
0.000000000000000000e+00 1.506771633922014408e-01
0.000000000000000000e+00 1.547730548421912544e-01
0.000000000000000000e+00 1.585111195719282051e-01
0.000000000000000000e+00 1.610979772134919774e-01
0.000000000000000000e+00 1.627898958477189406e-01
0.000000000000000000e+00 1.534167729834373106e-01
0.000000000000000000e+00 1.486400593341132281e-01
0.000000000000000000e+00 1.456462337879310676e-01
0.000000000000000000e+00 1.454934433078788059e-01
0.000000000000000000e+00 1.474700710572854900e-01
0.000000000000000000e+00 1.490099163032130580e-01
0.000000000000000000e+00 1.576394527262327261e-01
0.000000000000000000e+00 1.577396735526853666e-01
0.000000000000000000e+00 1.606403033871219854e-01
0.000000000000000000e+00 1.466263613273779964e-01
0.000000000000000000e+00 1.361120301538109867e-01
0.000000000000000000e+00 1.389947334677886781e-01
0.000000000000000000e+00 1.425215663442796488e-01
0.000000000000000000e+00 1.394598201800353598e-01
0.000000000000000000e+00 1.361919766062034964e-01
0.000000000000000000e+00 1.306270589035783136e-01
0.000000000000000000e+00 1.253750219004967359e-01
0.000000000000000000e+00 1.258122613757894359e-01
0.000000000000000000e+00 1.221645512312741905e-01
0.000000000000000000e+00 1.154304554159129304e-01
0.000000000000000000e+00 1.172636556504874916e-01
0.000000000000000000e+00 1.218436200287406346e-01
0.000000000000000000e+00 1.238187021397344351e-01
0.000000000000000000e+00 1.182058143629745733e-01
0.000000000000000000e+00 1.245210544315683010e-01
0.000000000000000000e+00 1.339046549364791283e-01
0.000000000000000000e+00 1.334882203327925621e-01
0.000000000000000000e+00 1.305956623705469832e-01
0.000000000000000000e+00 1.283817801464026964e-01
0.000000000000000000e+00 1.229495650242524440e-01
0.000000000000000000e+00 1.303268853857918186e-01
0.000000000000000000e+00 1.408538714782575085e-01
0.000000000000000000e+00 1.429675754015443390e-01
0.000000000000000000e+00 1.428826870033459151e-01
0.000000000000000000e+00 1.377367817000130779e-01
0.000000000000000000e+00 1.388825767072175144e-01
0.000000000000000000e+00 1.439040905079370936e-01
0.000000000000000000e+00 1.405764072457110769e-01
0.000000000000000000e+00 1.420509352281557891e-01
0.000000000000000000e+00 1.501284204743392470e-01
0.000000000000000000e+00 1.499188940093372224e-01
0.000000000000000000e+00 1.539848807153932631e-01
0.000000000000000000e+00 1.449341680172934466e-01
0.000000000000000000e+00 1.475374734195793180e-01
0.000000000000000000e+00 1.466252959729185679e-01
0.000000000000000000e+00 1.467116477484953219e-01
0.000000000000000000e+00 1.520194678375662301e-01
0.000000000000000000e+00 1.525440007749247484e-01
0.000000000000000000e+00 1.558012190870437796e-01
0.000000000000000000e+00 1.509083912208289691e-01
0.000000000000000000e+00 1.511815217568295844e-01
0.000000000000000000e+00 1.573854206554131663e-01
0.000000000000000000e+00 1.574032747651527842e-01
0.000000000000000000e+00 1.587162752771394403e-01
0.000000000000000000e+00 1.552265819354185783e-01
0.000000000000000000e+00 1.591689034963070237e-01
0.000000000000000000e+00 1.541616032866709729e-01
0.000000000000000000e+00 1.585268004205634962e-01
0.000000000000000000e+00 1.652630130212709159e-01
0.000000000000000000e+00 1.709411313414439804e-01
0.000000000000000000e+00 1.634430674685509177e-01
0.000000000000000000e+00 1.626698171684745342e-01
0.000000000000000000e+00 1.661074771676351036e-01
0.000000000000000000e+00 1.645491797738846684e-01
0.000000000000000000e+00 1.707634950026009901e-01
0.000000000000000000e+00 1.723418205506990764e-01
0.000000000000000000e+00 1.750234107143623374e-01
0.000000000000000000e+00 1.867885151227334506e-01
0.000000000000000000e+00 1.832136915515364672e-01
0.000000000000000000e+00 1.905381016013235618e-01
0.000000000000000000e+00 1.893801289397000487e-01
0.000000000000000000e+00 1.869004992559719358e-01
0.000000000000000000e+00 1.791906296203582549e-01
0.000000000000000000e+00 1.803458036494196282e-01
0.000000000000000000e+00 1.855339205430141525e-01
0.000000000000000000e+00 1.813265630080906077e-01
0.000000000000000000e+00 1.814344955194052977e-01
0.000000000000000000e+00 1.813233929924110976e-01
0.000000000000000000e+00 1.771844440996627468e-01
0.000000000000000000e+00 1.808567806967367741e-01
0.000000000000000000e+00 1.931838007043502614e-01
0.000000000000000000e+00 2.022225571820695789e-01
0.000000000000000000e+00 2.061281240847244178e-01
0.000000000000000000e+00 1.979455256994317736e-01
0.000000000000000000e+00 2.051531819341422536e-01
0.000000000000000000e+00 1.988073123708128942e-01
0.000000000000000000e+00 1.938580589805573573e-01
0.000000000000000000e+00 1.907013860408932615e-01
0.000000000000000000e+00 1.912736656674414448e-01
0.000000000000000000e+00 1.821140616222511610e-01
0.000000000000000000e+00 1.903999063884374010e-01
0.000000000000000000e+00 1.881774416581382947e-01
0.000000000000000000e+00 1.901112727787905299e-01
0.000000000000000000e+00 1.925734200159752718e-01
0.000000000000000000e+00 1.902493702962808897e-01
0.000000000000000000e+00 1.922964355690202631e-01
0.000000000000000000e+00 1.924559063932531899e-01
0.000000000000000000e+00 1.851264287630492722e-01
0.000000000000000000e+00 1.845545258621775764e-01
0.000000000000000000e+00 1.837582129071239634e-01
0.000000000000000000e+00 1.888215333425812825e-01
0.000000000000000000e+00 1.889651636582460603e-01
0.000000000000000000e+00 1.935664827929302612e-01
0.000000000000000000e+00 1.882920349443764629e-01
0.000000000000000000e+00 1.933580748882089695e-01
0.000000000000000000e+00 1.846511871964694185e-01
0.000000000000000000e+00 1.862645408572376204e-01
0.000000000000000000e+00 1.819579490693456758e-01
0.000000000000000000e+00 1.760892966725556563e-01
0.000000000000000000e+00 1.696933699146612462e-01
0.000000000000000000e+00 1.671606212206192821e-01
0.000000000000000000e+00 1.742771500285838215e-01
0.000000000000000000e+00 1.803932492425024681e-01
0.000000000000000000e+00 1.861520403881156693e-01
0.000000000000000000e+00 1.896364548443411624e-01
0.000000000000000000e+00 1.978362905691701812e-01
0.000000000000000000e+00 2.070132922159945987e-01
0.000000000000000000e+00 2.116886734603305453e-01
0.000000000000000000e+00 2.075374476472480745e-01
0.000000000000000000e+00 2.103440116966409090e-01
0.000000000000000000e+00 2.020545337929855745e-01
0.000000000000000000e+00 2.085053510862980297e-01
0.000000000000000000e+00 2.092809686738460739e-01
0.000000000000000000e+00 2.137292820064509158e-01
0.000000000000000000e+00 2.169727670445311396e-01
0.000000000000000000e+00 2.123134679838749039e-01
0.000000000000000000e+00 2.037314531414600727e-01
0.000000000000000000e+00 2.002033889909213826e-01
0.000000000000000000e+00 2.063914404482094511e-01
0.000000000000000000e+00 2.096510776907955509e-01
0.000000000000000000e+00 2.073113243468384104e-01
0.000000000000000000e+00 2.065797097538846216e-01
0.000000000000000000e+00 2.040658727053712151e-01
0.000000000000000000e+00 1.992754708484523463e-01
0.000000000000000000e+00 1.928070755730298402e-01
0.000000000000000000e+00 1.944687868185281387e-01
0.000000000000000000e+00 1.902358830218594532e-01
0.000000000000000000e+00 1.915767719420394255e-01
0.000000000000000000e+00 1.907125683696178353e-01
0.000000000000000000e+00 1.969783932410404392e-01
0.000000000000000000e+00 2.008454695070518159e-01
0.000000000000000000e+00 2.014091141343730684e-01
0.000000000000000000e+00 2.028429167193264160e-01
0.000000000000000000e+00 2.111667345134192741e-01
0.000000000000000000e+00 2.087411466108706481e-01
0.000000000000000000e+00 2.103082996992595988e-01
0.000000000000000000e+00 2.124762479188100905e-01
0.000000000000000000e+00 2.099227300941196861e-01
0.000000000000000000e+00 2.086341261016463333e-01
0.000000000000000000e+00 2.082385917051583768e-01
0.000000000000000000e+00 2.092216997250117283e-01
0.000000000000000000e+00 2.115412404026401350e-01
0.000000000000000000e+00 2.124618465566510961e-01
0.000000000000000000e+00 2.134821263089415055e-01
0.000000000000000000e+00 2.148384404104886070e-01
0.000000000000000000e+00 2.179671058446911447e-01
0.000000000000000000e+00 2.146829894781025205e-01
0.000000000000000000e+00 2.131035413263186462e-01
0.000000000000000000e+00 2.123936408802737374e-01
0.000000000000000000e+00 2.136369465700155568e-01
0.000000000000000000e+00 2.141533493815793721e-01
0.000000000000000000e+00 2.097566299742263107e-01
0.000000000000000000e+00 2.086008260160646111e-01
0.000000000000000000e+00 2.111029638151528109e-01
0.000000000000000000e+00 2.074142297772847976e-01
0.000000000000000000e+00 2.067138969954375183e-01
0.000000000000000000e+00 2.063816707918443294e-01
0.000000000000000000e+00 2.072202794376866997e-01
0.000000000000000000e+00 2.079133052093828926e-01
0.000000000000000000e+00 2.110001000852061159e-01
0.000000000000000000e+00 2.084072767862076014e-01
0.000000000000000000e+00 2.204978069118196660e-01
0.000000000000000000e+00 2.256082753317005529e-01
0.000000000000000000e+00 2.107025171046930101e-01
0.000000000000000000e+00 2.097197853309699656e-01
0.000000000000000000e+00 2.042016726083391298e-01
0.000000000000000000e+00 2.007097164949462054e-01
0.000000000000000000e+00 1.983138012480637202e-01
0.000000000000000000e+00 1.966415002997805861e-01
0.000000000000000000e+00 1.960211007433320662e-01
0.000000000000000000e+00 2.003607102620552360e-01
0.000000000000000000e+00 2.030357999617306841e-01
0.000000000000000000e+00 1.981956462899235327e-01
0.000000000000000000e+00 1.962227309059733082e-01
0.000000000000000000e+00 1.890446730859628721e-01
0.000000000000000000e+00 1.923790475405213751e-01
0.000000000000000000e+00 1.935450913266872075e-01
0.000000000000000000e+00 2.010007531346242882e-01
0.000000000000000000e+00 2.023924117543731138e-01
0.000000000000000000e+00 1.986237591421006476e-01
0.000000000000000000e+00 1.990421196772892143e-01
0.000000000000000000e+00 1.990091910424333088e-01
0.000000000000000000e+00 1.977547039444278176e-01
0.000000000000000000e+00 1.929169002245278985e-01
0.000000000000000000e+00 1.944092807126580058e-01
0.000000000000000000e+00 1.940833074676259207e-01
0.000000000000000000e+00 1.984165515225937426e-01
0.000000000000000000e+00 1.896571023574309400e-01
0.000000000000000000e+00 1.897441231899509029e-01
0.000000000000000000e+00 1.918205170559402761e-01
0.000000000000000000e+00 1.901443527216615803e-01
0.000000000000000000e+00 1.938454577580983607e-01
0.000000000000000000e+00 1.848366932825584730e-01
0.000000000000000000e+00 1.923983251016606610e-01
0.000000000000000000e+00 1.905560356582852721e-01
0.000000000000000000e+00 1.856017795739645371e-01
0.000000000000000000e+00 1.842802085488003949e-01
0.000000000000000000e+00 1.899297101225303763e-01
0.000000000000000000e+00 1.882449032932277666e-01
0.000000000000000000e+00 1.889500574023673107e-01
0.000000000000000000e+00 1.833843449931330249e-01
0.000000000000000000e+00 1.808955772388924632e-01
0.000000000000000000e+00 1.830577068201710289e-01
0.000000000000000000e+00 1.868447240689730393e-01
0.000000000000000000e+00 1.754506601199843085e-01
0.000000000000000000e+00 1.837882817210817199e-01
0.000000000000000000e+00 1.844486917980157348e-01
0.000000000000000000e+00 1.790984072648420522e-01
0.000000000000000000e+00 1.881672475254977106e-01
0.000000000000000000e+00 1.904616727782749985e-01
0.000000000000000000e+00 2.039634377886743732e-01
0.000000000000000000e+00 2.104417626828285759e-01
0.000000000000000000e+00 2.098744062979924774e-01
0.000000000000000000e+00 2.133781022410519423e-01
0.000000000000000000e+00 2.168057102811876413e-01
0.000000000000000000e+00 2.177497510607098452e-01
0.000000000000000000e+00 2.143838285636348595e-01
0.000000000000000000e+00 2.137691476494334997e-01
0.000000000000000000e+00 2.131540885333166602e-01
0.000000000000000000e+00 2.126404989000992840e-01
0.000000000000000000e+00 2.146851772620340104e-01
0.000000000000000000e+00 2.244360020601432470e-01
0.000000000000000000e+00 2.254373075989847819e-01
0.000000000000000000e+00 2.176968283545122063e-01
0.000000000000000000e+00 2.204231336452764645e-01
0.000000000000000000e+00 2.207414385825380576e-01
0.000000000000000000e+00 2.225816375151175308e-01
0.000000000000000000e+00 2.140905935899279078e-01
0.000000000000000000e+00 2.073246278395066422e-01
0.000000000000000000e+00 2.159568761820164218e-01
0.000000000000000000e+00 2.131730633981795964e-01
0.000000000000000000e+00 2.037261505105172066e-01
0.000000000000000000e+00 2.017825689280931534e-01
0.000000000000000000e+00 2.041483957978368069e-01
0.000000000000000000e+00 2.025996852118046032e-01
0.000000000000000000e+00 2.068606541506866625e-01
0.000000000000000000e+00 2.049366422058803983e-01
0.000000000000000000e+00 2.025004736224725876e-01
0.000000000000000000e+00 1.936614803914375182e-01
0.000000000000000000e+00 2.009623065366797356e-01
0.000000000000000000e+00 2.046137832523906019e-01
0.000000000000000000e+00 2.035063118114284197e-01
0.000000000000000000e+00 2.028564079773457762e-01
0.000000000000000000e+00 2.039907303203942202e-01
0.000000000000000000e+00 1.963415621953096546e-01
0.000000000000000000e+00 1.836424205058951320e-01
0.000000000000000000e+00 1.721821943785310227e-01
0.000000000000000000e+00 1.726694018064332259e-01
0.000000000000000000e+00 1.695024418856379000e-01
0.000000000000000000e+00 1.634058968593364303e-01
0.000000000000000000e+00 1.757923342405141309e-01
0.000000000000000000e+00 1.705263433949439356e-01
0.000000000000000000e+00 1.616393421157454602e-01
0.000000000000000000e+00 1.734526830427303434e-01
0.000000000000000000e+00 1.688265209160051683e-01
0.000000000000000000e+00 1.684998427513568764e-01
0.000000000000000000e+00 1.698906171435624335e-01
0.000000000000000000e+00 1.705046416914406671e-01
0.000000000000000000e+00 1.609141269732954627e-01
0.000000000000000000e+00 1.572914944482691757e-01
0.000000000000000000e+00 1.554669089389031089e-01
0.000000000000000000e+00 1.490241866115985803e-01
0.000000000000000000e+00 1.463189992986169696e-01
0.000000000000000000e+00 1.549460715176315118e-01
0.000000000000000000e+00 1.543693175750202595e-01
0.000000000000000000e+00 1.540487114025156090e-01
0.000000000000000000e+00 1.544586275102414474e-01
0.000000000000000000e+00 1.531644656340058197e-01
0.000000000000000000e+00 1.521190040807605393e-01
0.000000000000000000e+00 1.483808657271429576e-01
0.000000000000000000e+00 1.476112627648004660e-01
0.000000000000000000e+00 1.524606299374213492e-01
0.000000000000000000e+00 1.496130478829272858e-01
0.000000000000000000e+00 1.492656093203391932e-01
0.000000000000000000e+00 1.455945976307934375e-01
0.000000000000000000e+00 1.494419518040460138e-01
0.000000000000000000e+00 1.510158892930420216e-01
0.000000000000000000e+00 1.582124624779188138e-01
0.000000000000000000e+00 1.628974543737510550e-01
0.000000000000000000e+00 1.631524784117404370e-01
0.000000000000000000e+00 1.654127287318216122e-01
0.000000000000000000e+00 1.645350117153985825e-01
0.000000000000000000e+00 1.531891152467274031e-01
0.000000000000000000e+00 1.627300937090625510e-01
0.000000000000000000e+00 1.643393902076827617e-01
0.000000000000000000e+00 1.666468931290775168e-01
0.000000000000000000e+00 1.748715961955006337e-01
0.000000000000000000e+00 1.792217337048229442e-01
0.000000000000000000e+00 1.774182751404365377e-01
0.000000000000000000e+00 1.753201017230164582e-01
0.000000000000000000e+00 1.803518285648214869e-01
0.000000000000000000e+00 1.785338070565665736e-01
0.000000000000000000e+00 1.718007546460073032e-01
0.000000000000000000e+00 1.840030092172570964e-01
0.000000000000000000e+00 1.834999956085151540e-01
0.000000000000000000e+00 1.734311646857367717e-01
0.000000000000000000e+00 1.684988666673749302e-01
0.000000000000000000e+00 1.648721861320055493e-01
0.000000000000000000e+00 1.609811530847403138e-01
0.000000000000000000e+00 1.662813576025678197e-01
0.000000000000000000e+00 1.613435778966494372e-01
0.000000000000000000e+00 1.631870522444367477e-01
0.000000000000000000e+00 1.586822141139627440e-01
0.000000000000000000e+00 1.622682779457919056e-01
0.000000000000000000e+00 1.564277501266151116e-01
0.000000000000000000e+00 1.522747100002896370e-01
0.000000000000000000e+00 1.542209791135994712e-01
0.000000000000000000e+00 1.469810236356801358e-01
0.000000000000000000e+00 1.476692912281873105e-01
0.000000000000000000e+00 1.523814931046360011e-01
0.000000000000000000e+00 1.476959404209695348e-01
0.000000000000000000e+00 1.374853745809238859e-01
0.000000000000000000e+00 1.481029443566835024e-01
0.000000000000000000e+00 1.480497161271527584e-01
0.000000000000000000e+00 1.534131567568733923e-01
0.000000000000000000e+00 1.469876968372933190e-01
0.000000000000000000e+00 1.364994147639072009e-01
0.000000000000000000e+00 1.306355816116288038e-01
0.000000000000000000e+00 1.293574753220812223e-01
0.000000000000000000e+00 1.214115735982561617e-01
0.000000000000000000e+00 1.144104812452891029e-01
0.000000000000000000e+00 1.143793874801704857e-01
0.000000000000000000e+00 1.095265945261831020e-01
0.000000000000000000e+00 1.138909596379060613e-01
0.000000000000000000e+00 1.236501330641052859e-01
0.000000000000000000e+00 1.284677991619197768e-01
0.000000000000000000e+00 1.315407784016183190e-01
0.000000000000000000e+00 1.267822176347852270e-01
0.000000000000000000e+00 1.299924874346576886e-01
0.000000000000000000e+00 1.284302302473277757e-01
0.000000000000000000e+00 1.381940286334868984e-01
0.000000000000000000e+00 1.391709514707397954e-01
0.000000000000000000e+00 1.456906330325866139e-01
0.000000000000000000e+00 1.480320033029395854e-01
0.000000000000000000e+00 1.530657368386208195e-01
0.000000000000000000e+00 1.541998925561371692e-01
0.000000000000000000e+00 1.584627855448692002e-01
0.000000000000000000e+00 1.611268233635300695e-01
0.000000000000000000e+00 1.551937001740329169e-01
0.000000000000000000e+00 1.574604885752939887e-01
0.000000000000000000e+00 1.535048899999223726e-01
0.000000000000000000e+00 1.544608417647735099e-01
0.000000000000000000e+00 1.561629527299144560e-01
0.000000000000000000e+00 1.636276681865659888e-01
0.000000000000000000e+00 1.591384629378981841e-01
0.000000000000000000e+00 1.622818384730130570e-01
0.000000000000000000e+00 1.612555960226332852e-01
0.000000000000000000e+00 1.566796191806209271e-01
0.000000000000000000e+00 1.549036440482377264e-01
0.000000000000000000e+00 1.481139391184494725e-01
0.000000000000000000e+00 1.465211221835564792e-01
0.000000000000000000e+00 1.481580196395248794e-01
0.000000000000000000e+00 1.542304245274785379e-01
0.000000000000000000e+00 1.520873672502539020e-01
0.000000000000000000e+00 1.580489307407668687e-01
0.000000000000000000e+00 1.592563025588045467e-01
0.000000000000000000e+00 1.619929990259801611e-01
0.000000000000000000e+00 1.536313572727117382e-01
0.000000000000000000e+00 1.435090158232311675e-01
0.000000000000000000e+00 1.386664701678555767e-01
0.000000000000000000e+00 1.407963455460913005e-01
0.000000000000000000e+00 1.341723446721106161e-01
0.000000000000000000e+00 1.331910850255796641e-01
0.000000000000000000e+00 1.248341708252986709e-01
0.000000000000000000e+00 1.279495443341524541e-01
0.000000000000000000e+00 1.207244618946404918e-01
0.000000000000000000e+00 1.169431414963455484e-01
0.000000000000000000e+00 1.128668994735197995e-01
0.000000000000000000e+00 1.158711116439407468e-01
0.000000000000000000e+00 1.146505643745590192e-01
0.000000000000000000e+00 1.132081381700058426e-01
0.000000000000000000e+00 1.158743949681778213e-01
0.000000000000000000e+00 1.185675555341049459e-01
0.000000000000000000e+00 1.205791619094653683e-01
0.000000000000000000e+00 1.212392958796801867e-01
0.000000000000000000e+00 1.276691159798296893e-01
0.000000000000000000e+00 1.275506696114743210e-01
0.000000000000000000e+00 1.197012067587760742e-01
0.000000000000000000e+00 1.186199976870213335e-01
0.000000000000000000e+00 1.093467812249866999e-01
0.000000000000000000e+00 1.171940808343655688e-01
0.000000000000000000e+00 1.164998202202893879e-01
0.000000000000000000e+00 1.134990793287057598e-01
0.000000000000000000e+00 1.137868816666622873e-01
0.000000000000000000e+00 1.187402586411948346e-01
0.000000000000000000e+00 1.186417508089893935e-01
0.000000000000000000e+00 1.212740961966509018e-01
0.000000000000000000e+00 1.205754376554692003e-01
0.000000000000000000e+00 1.173564022029274373e-01
0.000000000000000000e+00 1.171999038911294422e-01
0.000000000000000000e+00 1.158729627338732360e-01
0.000000000000000000e+00 1.173512819367598242e-01
0.000000000000000000e+00 1.088047967705017827e-01
0.000000000000000000e+00 1.121918018403970652e-01
0.000000000000000000e+00 1.089933087734362982e-01
0.000000000000000000e+00 1.102647606397802599e-01
0.000000000000000000e+00 9.981406484387517208e-02
0.000000000000000000e+00 9.886800110530677421e-02
0.000000000000000000e+00 8.592520077245846544e-02
0.000000000000000000e+00 7.982323383390992066e-02
0.000000000000000000e+00 6.940820390047243438e-02
0.000000000000000000e+00 6.233227712284170746e-02
0.000000000000000000e+00 5.371922057300194953e-02
0.000000000000000000e+00 4.062149468544026115e-02
0.000000000000000000e+00 3.902995433654101592e-02
0.000000000000000000e+00 3.357126101399252049e-02
0.000000000000000000e+00 2.575598087476125772e-02
