0.000000000000000000e+00 8.791983399334936389e-03
0.000000000000000000e+00 2.236500761607078391e-02
0.000000000000000000e+00 3.047922883808522332e-02
0.000000000000000000e+00 4.225661559736523798e-02
0.000000000000000000e+00 5.611539813728923937e-02
0.000000000000000000e+00 5.660831568658361568e-02
0.000000000000000000e+00 7.045518071629308654e-02
0.000000000000000000e+00 7.336715823217283827e-02
0.000000000000000000e+00 7.699643456571787781e-02
0.000000000000000000e+00 8.537921973760344285e-02
0.000000000000000000e+00 8.697892945855965896e-02
0.000000000000000000e+00 9.379556458150441201e-02
0.000000000000000000e+00 1.035343528653365486e-01
0.000000000000000000e+00 1.067291097922710985e-01
0.000000000000000000e+00 1.070260222933356875e-01
0.000000000000000000e+00 1.119216433217485873e-01
0.000000000000000000e+00 1.188764159383658425e-01
0.000000000000000000e+00 1.187617340865438770e-01
0.000000000000000000e+00 1.207536768642697850e-01
0.000000000000000000e+00 1.258138313777655559e-01
0.000000000000000000e+00 1.269623298399462363e-01
0.000000000000000000e+00 1.220539844934423190e-01
0.000000000000000000e+00 1.208375249582227667e-01
0.000000000000000000e+00 1.230998490797241968e-01
0.000000000000000000e+00 1.308754462679581065e-01
0.000000000000000000e+00 1.322720140638849462e-01
0.000000000000000000e+00 1.274013379660668410e-01
0.000000000000000000e+00 1.267215609867990145e-01
0.000000000000000000e+00 1.221569758074933926e-01
0.000000000000000000e+00 1.233457588753864437e-01
0.000000000000000000e+00 1.284164505630441544e-01
0.000000000000000000e+00 1.316222584531843709e-01
0.000000000000000000e+00 1.299314914468082671e-01
0.000000000000000000e+00 1.295010471249678219e-01
0.000000000000000000e+00 1.311401012585901305e-01
0.000000000000000000e+00 1.221320913136372532e-01
0.000000000000000000e+00 1.292241054471588435e-01
0.000000000000000000e+00 1.335394381016844489e-01
0.000000000000000000e+00 1.366118852330688582e-01
0.000000000000000000e+00 1.377702266138659537e-01
0.000000000000000000e+00 1.449220907056835428e-01
0.000000000000000000e+00 1.519706575103350055e-01
0.000000000000000000e+00 1.562495182279520223e-01
0.000000000000000000e+00 1.592988283050011666e-01
0.000000000000000000e+00 1.609066766755539446e-01
0.000000000000000000e+00 1.651067131161945978e-01
0.000000000000000000e+00 1.718022729830652739e-01
0.000000000000000000e+00 1.734127200360907339e-01
0.000000000000000000e+00 1.708657998883195972e-01
0.000000000000000000e+00 1.693701113244606427e-01
0.000000000000000000e+00 1.675953679858784851e-01
0.000000000000000000e+00 1.673711465108976282e-01
0.000000000000000000e+00 1.666680711178995244e-01
0.000000000000000000e+00 1.630632319387698148e-01
0.000000000000000000e+00 1.678800187280035383e-01
0.000000000000000000e+00 1.601144928309349014e-01
0.000000000000000000e+00 1.655603999607664356e-01
0.000000000000000000e+00 1.612788560585325104e-01
0.000000000000000000e+00 1.643191142665847426e-01
0.000000000000000000e+00 1.675447492448209619e-01
0.000000000000000000e+00 1.692090539193383258e-01
0.000000000000000000e+00 1.727571335563269639e-01
0.000000000000000000e+00 1.726242366615833856e-01
0.000000000000000000e+00 1.672927324195082888e-01
0.000000000000000000e+00 1.622588697541949565e-01
0.000000000000000000e+00 1.636921444174202489e-01
0.000000000000000000e+00 1.572372983618331443e-01
0.000000000000000000e+00 1.545368228587780113e-01
0.000000000000000000e+00 1.533052940909501449e-01
0.000000000000000000e+00 1.516391622228705771e-01
0.000000000000000000e+00 1.506431869408262347e-01
0.000000000000000000e+00 1.525844861283592035e-01
0.000000000000000000e+00 1.431705646974457957e-01
0.000000000000000000e+00 1.401957875651866914e-01
0.000000000000000000e+00 1.351578950961956072e-01
0.000000000000000000e+00 1.353799400934436181e-01
0.000000000000000000e+00 1.335687250779575286e-01
0.000000000000000000e+00 1.291559073568312732e-01
0.000000000000000000e+00 1.240066532349400896e-01
0.000000000000000000e+00 1.195615296728377713e-01
0.000000000000000000e+00 1.278899174569957109e-01
0.000000000000000000e+00 1.313133308328956195e-01
0.000000000000000000e+00 1.321205821072176378e-01
0.000000000000000000e+00 1.339250514709725837e-01
0.000000000000000000e+00 1.366769166562786519e-01
0.000000000000000000e+00 1.369995011643437011e-01
0.000000000000000000e+00 1.426426921215060428e-01
0.000000000000000000e+00 1.449685442763344878e-01
0.000000000000000000e+00 1.430896547976851230e-01
0.000000000000000000e+00 1.457111587295414346e-01
0.000000000000000000e+00 1.482930513925510008e-01
0.000000000000000000e+00 1.499894955652798234e-01
0.000000000000000000e+00 1.501191178341904908e-01
0.000000000000000000e+00 1.478441347101957237e-01
0.000000000000000000e+00 1.449958234358240949e-01
0.000000000000000000e+00 1.418333204106130285e-01
0.000000000000000000e+00 1.331907074639364919e-01
0.000000000000000000e+00 1.350796728133728808e-01
0.000000000000000000e+00 1.392889697166523055e-01
0.000000000000000000e+00 1.480096618180779811e-01
0.000000000000000000e+00 1.536817608301623284e-01
0.000000000000000000e+00 1.508916280483748040e-01
0.000000000000000000e+00 1.442441823659264821e-01
0.000000000000000000e+00 1.355327635141574671e-01
0.000000000000000000e+00 1.326155475839282394e-01
0.000000000000000000e+00 1.312493256528484975e-01
0.000000000000000000e+00 1.325485913634334989e-01
0.000000000000000000e+00 1.333543910168878688e-01
0.000000000000000000e+00 1.301629182408260144e-01
0.000000000000000000e+00 1.307194636964755796e-01
0.000000000000000000e+00 1.287928927753415886e-01
0.000000000000000000e+00 1.326156431942875635e-01
0.000000000000000000e+00 1.358553144622551279e-01
0.000000000000000000e+00 1.363405897683475920e-01
0.000000000000000000e+00 1.301054625206792548e-01
0.000000000000000000e+00 1.345347303891266111e-01
0.000000000000000000e+00 1.290860287270425844e-01
0.000000000000000000e+00 1.202345794544336516e-01
0.000000000000000000e+00 1.217268701766766742e-01
0.000000000000000000e+00 1.292124108413444383e-01
0.000000000000000000e+00 1.309898766550759153e-01
0.000000000000000000e+00 1.306766404673116722e-01
0.000000000000000000e+00 1.279854580137954612e-01
0.000000000000000000e+00 1.264004965228580912e-01
0.000000000000000000e+00 1.276687884501285231e-01
0.000000000000000000e+00 1.302873306548666121e-01
0.000000000000000000e+00 1.321229644669022485e-01
0.000000000000000000e+00 1.338480598752308237e-01
0.000000000000000000e+00 1.351300984679446038e-01
0.000000000000000000e+00 1.351221542032309819e-01
0.000000000000000000e+00 1.330539238175339201e-01
0.000000000000000000e+00 1.391063965594357410e-01
0.000000000000000000e+00 1.396417451543837951e-01
0.000000000000000000e+00 1.387632135293755675e-01
0.000000000000000000e+00 1.348839879256158170e-01
0.000000000000000000e+00 1.345456829253726394e-01
0.000000000000000000e+00 1.358087577060062279e-01
0.000000000000000000e+00 1.323742155932382814e-01
0.000000000000000000e+00 1.333899518532845607e-01
0.000000000000000000e+00 1.334319423220864387e-01
0.000000000000000000e+00 1.385332098191895123e-01
0.000000000000000000e+00 1.391641340805151450e-01
0.000000000000000000e+00 1.457300256711604736e-01
0.000000000000000000e+00 1.422607278093237504e-01
0.000000000000000000e+00 1.384955308424636045e-01
0.000000000000000000e+00 1.453053267392974690e-01
0.000000000000000000e+00 1.442028962971501072e-01
0.000000000000000000e+00 1.435805451501652175e-01
0.000000000000000000e+00 1.466254970176822658e-01
0.000000000000000000e+00 1.473407315641002968e-01
0.000000000000000000e+00 1.474296099596123233e-01
0.000000000000000000e+00 1.523461609838668573e-01
0.000000000000000000e+00 1.504056369471995780e-01
0.000000000000000000e+00 1.529312304989962901e-01
0.000000000000000000e+00 1.437044632046261816e-01
0.000000000000000000e+00 1.407009962594484020e-01
0.000000000000000000e+00 1.380046290392228647e-01
0.000000000000000000e+00 1.383318420424264894e-01
0.000000000000000000e+00 1.451118245932227768e-01
0.000000000000000000e+00 1.387128912063394504e-01
0.000000000000000000e+00 1.364729667335914942e-01
0.000000000000000000e+00 1.400210905529794270e-01
0.000000000000000000e+00 1.367534742007446569e-01
0.000000000000000000e+00 1.442677091103913289e-01
0.000000000000000000e+00 1.441069676247605236e-01
0.000000000000000000e+00 1.444785889107973176e-01
0.000000000000000000e+00 1.392455670453788541e-01
0.000000000000000000e+00 1.414073847305897524e-01
0.000000000000000000e+00 1.402780252220870161e-01
0.000000000000000000e+00 1.428561364974899328e-01
0.000000000000000000e+00 1.389513043349212273e-01
0.000000000000000000e+00 1.402403276359342477e-01
0.000000000000000000e+00 1.425050875570603726e-01
0.000000000000000000e+00 1.453692397497934052e-01
0.000000000000000000e+00 1.503320338679183243e-01
0.000000000000000000e+00 1.574551313099376015e-01
0.000000000000000000e+00 1.528864369096821219e-01
0.000000000000000000e+00 1.536322909508395507e-01
0.000000000000000000e+00 1.607867412934461671e-01
0.000000000000000000e+00 1.580755187724107724e-01
0.000000000000000000e+00 1.574269271816390314e-01
0.000000000000000000e+00 1.518353253728489116e-01
0.000000000000000000e+00 1.543637178862695691e-01
0.000000000000000000e+00 1.528388731786320398e-01
0.000000000000000000e+00 1.554832287302685967e-01
0.000000000000000000e+00 1.529189190494793793e-01
0.000000000000000000e+00 1.592343380256989183e-01
0.000000000000000000e+00 1.570373577007595500e-01
0.000000000000000000e+00 1.557364509991548962e-01
0.000000000000000000e+00 1.530134456055642911e-01
0.000000000000000000e+00 1.524600608531129220e-01
0.000000000000000000e+00 1.524475465300788590e-01
0.000000000000000000e+00 1.528928894876879219e-01
0.000000000000000000e+00 1.620677456551256335e-01
0.000000000000000000e+00 1.602301657928183465e-01
0.000000000000000000e+00 1.652361269968553592e-01
0.000000000000000000e+00 1.665538815732807432e-01
0.000000000000000000e+00 1.604367646173346929e-01
0.000000000000000000e+00 1.571018330979913058e-01
0.000000000000000000e+00 1.491765997326193749e-01
0.000000000000000000e+00 1.563841856144302933e-01
0.000000000000000000e+00 1.497995708089256695e-01
0.000000000000000000e+00 1.512233401629382856e-01
0.000000000000000000e+00 1.546099656783850307e-01
0.000000000000000000e+00 1.508378054061913220e-01
0.000000000000000000e+00 1.520784224407973895e-01
0.000000000000000000e+00 1.545511603664426747e-01
0.000000000000000000e+00 1.599086869528902610e-01
0.000000000000000000e+00 1.553184581219106408e-01
0.000000000000000000e+00 1.560259639628682748e-01
0.000000000000000000e+00 1.590620574417054567e-01
0.000000000000000000e+00 1.597252632084164847e-01
0.000000000000000000e+00 1.605899747970104818e-01
0.000000000000000000e+00 1.620394101395782327e-01
0.000000000000000000e+00 1.603038329461549949e-01
0.000000000000000000e+00 1.659002670265798673e-01
0.000000000000000000e+00 1.681005148450343267e-01
0.000000000000000000e+00 1.647388979416297139e-01
0.000000000000000000e+00 1.656169018490868117e-01
0.000000000000000000e+00 1.580693109378445427e-01
0.000000000000000000e+00 1.526255826840214602e-01
0.000000000000000000e+00 1.579598524089107503e-01
0.000000000000000000e+00 1.615973522862858835e-01
0.000000000000000000e+00 1.633296879840497040e-01
0.000000000000000000e+00 1.641393169102249860e-01
0.000000000000000000e+00 1.631505305399631456e-01
0.000000000000000000e+00 1.653974160501575641e-01
0.000000000000000000e+00 1.616309742333492949e-01
0.000000000000000000e+00 1.667427961903667766e-01
0.000000000000000000e+00 1.695426243685873025e-01
0.000000000000000000e+00 1.725249368667604033e-01
0.000000000000000000e+00 1.807191087523449813e-01
0.000000000000000000e+00 1.780344727362707657e-01
0.000000000000000000e+00 1.795965457822258082e-01
0.000000000000000000e+00 1.845330365333068268e-01
0.000000000000000000e+00 1.830939341470966542e-01
0.000000000000000000e+00 1.831868227351107492e-01
0.000000000000000000e+00 1.850739720415456868e-01
0.000000000000000000e+00 1.853216902283456868e-01
0.000000000000000000e+00 1.884034923906212633e-01
0.000000000000000000e+00 1.888600705887186204e-01
0.000000000000000000e+00 1.834686196898398791e-01
0.000000000000000000e+00 1.889644665552294711e-01
0.000000000000000000e+00 1.863948030009093815e-01
0.000000000000000000e+00 1.858973811469674942e-01
0.000000000000000000e+00 1.830735780345938424e-01
0.000000000000000000e+00 1.795504944062907560e-01
0.000000000000000000e+00 1.818631251596858345e-01
0.000000000000000000e+00 1.799468865314154398e-01
0.000000000000000000e+00 1.786629039035427524e-01
0.000000000000000000e+00 1.817635429328221808e-01
0.000000000000000000e+00 1.727240029744131211e-01
0.000000000000000000e+00 1.741411943745989899e-01
0.000000000000000000e+00 1.699289518978001901e-01
0.000000000000000000e+00 1.638674353985101195e-01
0.000000000000000000e+00 1.595919357820566875e-01
0.000000000000000000e+00 1.521506870380132659e-01
0.000000000000000000e+00 1.537879486142532948e-01
0.000000000000000000e+00 1.517390216669906866e-01
0.000000000000000000e+00 1.607210557094596037e-01
0.000000000000000000e+00 1.573266655436695860e-01
0.000000000000000000e+00 1.515671360062351147e-01
0.000000000000000000e+00 1.455489443589443599e-01
0.000000000000000000e+00 1.475925220861158405e-01
0.000000000000000000e+00 1.452012183266447598e-01
0.000000000000000000e+00 1.504729443570401726e-01
0.000000000000000000e+00 1.546885953775380962e-01
0.000000000000000000e+00 1.470954131742626125e-01
0.000000000000000000e+00 1.487082932525556345e-01
0.000000000000000000e+00 1.499493420000441168e-01
0.000000000000000000e+00 1.477586793090243655e-01
0.000000000000000000e+00 1.484558374499866107e-01
0.000000000000000000e+00 1.448461571302736284e-01
0.000000000000000000e+00 1.458267668432607911e-01
0.000000000000000000e+00 1.466155545733386079e-01
0.000000000000000000e+00 1.465092992992451937e-01
0.000000000000000000e+00 1.425107258428706114e-01
0.000000000000000000e+00 1.351516071111350525e-01
0.000000000000000000e+00 1.315081037303074407e-01
0.000000000000000000e+00 1.262520517010866927e-01
0.000000000000000000e+00 1.297051998891419755e-01
0.000000000000000000e+00 1.331435600185190693e-01
0.000000000000000000e+00 1.365014482351750991e-01
0.000000000000000000e+00 1.406660602196670440e-01
0.000000000000000000e+00 1.347828594931211321e-01
0.000000000000000000e+00 1.352315178613242019e-01
0.000000000000000000e+00 1.350660148913334357e-01
0.000000000000000000e+00 1.372559079485909939e-01
0.000000000000000000e+00 1.385469660692566496e-01
0.000000000000000000e+00 1.383893116160922754e-01
0.000000000000000000e+00 1.423126997387427761e-01
0.000000000000000000e+00 1.445842141931669989e-01
0.000000000000000000e+00 1.446597505662405025e-01
0.000000000000000000e+00 1.417017166218367541e-01
0.000000000000000000e+00 1.421419101170279531e-01
0.000000000000000000e+00 1.434518445380660034e-01
0.000000000000000000e+00 1.422304776779852731e-01
0.000000000000000000e+00 1.477930218111904725e-01
0.000000000000000000e+00 1.488087653647452990e-01
0.000000000000000000e+00 1.421843749702312032e-01
0.000000000000000000e+00 1.451567140195547667e-01
0.000000000000000000e+00 1.441321698818336383e-01
0.000000000000000000e+00 1.373580705603983654e-01
0.000000000000000000e+00 1.391046300657491352e-01
0.000000000000000000e+00 1.478448622058296247e-01
0.000000000000000000e+00 1.507062794243534676e-01
0.000000000000000000e+00 1.555072555250337496e-01
0.000000000000000000e+00 1.585797938988514344e-01
0.000000000000000000e+00 1.520712589895430733e-01
0.000000000000000000e+00 1.598446208786942491e-01
0.000000000000000000e+00 1.562513004035991360e-01
0.000000000000000000e+00 1.528181949311766541e-01
0.000000000000000000e+00 1.580370495515769913e-01
0.000000000000000000e+00 1.645193316437695563e-01
0.000000000000000000e+00 1.674078132339133218e-01
0.000000000000000000e+00 1.739748011312378662e-01
0.000000000000000000e+00 1.769206778482621256e-01
0.000000000000000000e+00 1.722439144274297007e-01
0.000000000000000000e+00 1.682997428872920753e-01
0.000000000000000000e+00 1.667719158178056493e-01
0.000000000000000000e+00 1.626815260064082558e-01
0.000000000000000000e+00 1.653366106331945751e-01
0.000000000000000000e+00 1.643063853266438223e-01
0.000000000000000000e+00 1.616726327744770209e-01
0.000000000000000000e+00 1.609917910872104563e-01
0.000000000000000000e+00 1.652216571491900987e-01
0.000000000000000000e+00 1.669506626988381259e-01
0.000000000000000000e+00 1.624117144076488717e-01
0.000000000000000000e+00 1.676678469184618436e-01
0.000000000000000000e+00 1.736259842269330111e-01
0.000000000000000000e+00 1.739864067882952448e-01
0.000000000000000000e+00 1.698146768680494079e-01
0.000000000000000000e+00 1.606141803528469414e-01
0.000000000000000000e+00 1.574674839983849772e-01
0.000000000000000000e+00 1.593873910940981908e-01
0.000000000000000000e+00 1.565475697566094115e-01
0.000000000000000000e+00 1.616438984990118122e-01
0.000000000000000000e+00 1.662449089860928431e-01
0.000000000000000000e+00 1.648620946535117315e-01
0.000000000000000000e+00 1.572421125450688406e-01
0.000000000000000000e+00 1.563628582642634102e-01
0.000000000000000000e+00 1.526458576757716845e-01
0.000000000000000000e+00 1.555434036411293408e-01
0.000000000000000000e+00 1.592730833252797018e-01
0.000000000000000000e+00 1.580114369472027658e-01
0.000000000000000000e+00 1.559871165567804085e-01
0.000000000000000000e+00 1.563899721394639286e-01
0.000000000000000000e+00 1.567719167920714196e-01
0.000000000000000000e+00 1.465706817348454150e-01
0.000000000000000000e+00 1.496195323959214618e-01
0.000000000000000000e+00 1.529318080006688563e-01
0.000000000000000000e+00 1.550634352042398467e-01
0.000000000000000000e+00 1.545807186735478345e-01
0.000000000000000000e+00 1.507463936668132498e-01
0.000000000000000000e+00 1.490680084440321462e-01
0.000000000000000000e+00 1.543273380698853003e-01
0.000000000000000000e+00 1.523135926304232113e-01
0.000000000000000000e+00 1.559200612703978972e-01
0.000000000000000000e+00 1.560840704213281305e-01
0.000000000000000000e+00 1.572172010028716760e-01
0.000000000000000000e+00 1.530864647717552762e-01
0.000000000000000000e+00 1.503688955800565608e-01
0.000000000000000000e+00 1.516816471556890478e-01
0.000000000000000000e+00 1.515787216158002160e-01
0.000000000000000000e+00 1.553287625770045643e-01
0.000000000000000000e+00 1.552350703261497211e-01
0.000000000000000000e+00 1.491709380227206894e-01
0.000000000000000000e+00 1.425160129351469018e-01
0.000000000000000000e+00 1.431000998630270749e-01
0.000000000000000000e+00 1.390908580030589814e-01
0.000000000000000000e+00 1.388147537262545972e-01
0.000000000000000000e+00 1.409780387821631120e-01
0.000000000000000000e+00 1.438544138413649920e-01
0.000000000000000000e+00 1.409663629954776842e-01
0.000000000000000000e+00 1.390578691743936113e-01
0.000000000000000000e+00 1.392177101774259296e-01
0.000000000000000000e+00 1.287663769213767961e-01
0.000000000000000000e+00 1.252366719971796660e-01
0.000000000000000000e+00 1.281241197912232066e-01
0.000000000000000000e+00 1.323933409998560573e-01
0.000000000000000000e+00 1.319830178234636664e-01
0.000000000000000000e+00 1.399227031279117739e-01
0.000000000000000000e+00 1.387569212274114561e-01
0.000000000000000000e+00 1.441594218498559177e-01
0.000000000000000000e+00 1.484657035314713436e-01
0.000000000000000000e+00 1.493937684148257949e-01
0.000000000000000000e+00 1.466071189529169483e-01
0.000000000000000000e+00 1.562713075835072962e-01
0.000000000000000000e+00 1.609182046066906235e-01
0.000000000000000000e+00 1.588803293683904994e-01
0.000000000000000000e+00 1.590851546105095382e-01
0.000000000000000000e+00 1.606487509450786610e-01
0.000000000000000000e+00 1.605156018760390546e-01
0.000000000000000000e+00 1.587500373171066015e-01
0.000000000000000000e+00 1.614953505109135434e-01
0.000000000000000000e+00 1.675009246913654881e-01
0.000000000000000000e+00 1.682298772023161637e-01
0.000000000000000000e+00 1.710379081813168667e-01
0.000000000000000000e+00 1.667893840041224651e-01
0.000000000000000000e+00 1.623312069888443732e-01
0.000000000000000000e+00 1.584049389239589600e-01
0.000000000000000000e+00 1.589005565152415700e-01
0.000000000000000000e+00 1.552340242308187790e-01
0.000000000000000000e+00 1.623015125211381693e-01
0.000000000000000000e+00 1.586229886880218820e-01
0.000000000000000000e+00 1.632240578380870777e-01
0.000000000000000000e+00 1.655731123568548457e-01
0.000000000000000000e+00 1.660334767404413603e-01
0.000000000000000000e+00 1.660111260558800317e-01
0.000000000000000000e+00 1.589239367671688441e-01
0.000000000000000000e+00 1.556353003134461899e-01
0.000000000000000000e+00 1.492382392693788751e-01
0.000000000000000000e+00 1.485707731019964561e-01
0.000000000000000000e+00 1.500710040243835308e-01
0.000000000000000000e+00 1.468598677551065379e-01
0.000000000000000000e+00 1.460507938808985884e-01
0.000000000000000000e+00 1.504640042238388487e-01
0.000000000000000000e+00 1.556931889056639984e-01
0.000000000000000000e+00 1.582587887197626775e-01
0.000000000000000000e+00 1.547073493049340442e-01
0.000000000000000000e+00 1.513690532272788936e-01
0.000000000000000000e+00 1.533163660779388038e-01
0.000000000000000000e+00 1.612927345542187751e-01
0.000000000000000000e+00 1.567831506364466276e-01
0.000000000000000000e+00 1.528574294959300084e-01
0.000000000000000000e+00 1.492144601817594340e-01
0.000000000000000000e+00 1.446401183735742668e-01
0.000000000000000000e+00 1.396871268590274551e-01
0.000000000000000000e+00 1.379884804717635971e-01
0.000000000000000000e+00 1.408266963674509875e-01
0.000000000000000000e+00 1.399239413240840613e-01
0.000000000000000000e+00 1.345491570683169380e-01
0.000000000000000000e+00 1.413816936559674220e-01
0.000000000000000000e+00 1.466306364382222727e-01
0.000000000000000000e+00 1.465547218204855118e-01
0.000000000000000000e+00 1.526608248638549603e-01
0.000000000000000000e+00 1.502284328744077913e-01
0.000000000000000000e+00 1.455840799966622578e-01
0.000000000000000000e+00 1.488747577268293709e-01
0.000000000000000000e+00 1.475607374834032870e-01
0.000000000000000000e+00 1.433598713986675988e-01
0.000000000000000000e+00 1.486135899420399087e-01
0.000000000000000000e+00 1.456137592341428810e-01
0.000000000000000000e+00 1.495045545651935148e-01
0.000000000000000000e+00 1.531112391346350077e-01
0.000000000000000000e+00 1.529745274781237341e-01
0.000000000000000000e+00 1.543500640344180885e-01
0.000000000000000000e+00 1.593681481798025490e-01
0.000000000000000000e+00 1.532799489329497999e-01
0.000000000000000000e+00 1.544580145448469777e-01
0.000000000000000000e+00 1.509164803938745913e-01
0.000000000000000000e+00 1.510984625990819397e-01
0.000000000000000000e+00 1.537815305905916585e-01
0.000000000000000000e+00 1.534798266820736612e-01
0.000000000000000000e+00 1.514579943184352073e-01
0.000000000000000000e+00 1.486109751226023235e-01
0.000000000000000000e+00 1.495585711826653841e-01
0.000000000000000000e+00 1.477948618567961336e-01
0.000000000000000000e+00 1.492735996253068409e-01
0.000000000000000000e+00 1.499819759517785067e-01
0.000000000000000000e+00 1.512349473557766666e-01
0.000000000000000000e+00 1.459951082733100813e-01
0.000000000000000000e+00 1.437463205283262269e-01
0.000000000000000000e+00 1.444679741242230475e-01
0.000000000000000000e+00 1.478018237462561946e-01
0.000000000000000000e+00 1.406470221878187155e-01
0.000000000000000000e+00 1.357703079197641605e-01
0.000000000000000000e+00 1.405476476118152906e-01
0.000000000000000000e+00 1.412919895249579449e-01
0.000000000000000000e+00 1.373626517554429605e-01
0.000000000000000000e+00 1.337083462939921419e-01
0.000000000000000000e+00 1.274977095173531472e-01
0.000000000000000000e+00 1.183640602123725571e-01
0.000000000000000000e+00 1.202041256532883906e-01
0.000000000000000000e+00 1.170947745035247761e-01
0.000000000000000000e+00 1.175631852373848485e-01
0.000000000000000000e+00 1.158411863330679747e-01
0.000000000000000000e+00 1.149402010496007043e-01
0.000000000000000000e+00 1.137392962781075684e-01
0.000000000000000000e+00 1.169349903465418811e-01
0.000000000000000000e+00 1.152576438099309764e-01
0.000000000000000000e+00 1.159226017992231739e-01
0.000000000000000000e+00 1.126764264498914953e-01
0.000000000000000000e+00 1.107524703872833777e-01
0.000000000000000000e+00 1.097805406159304137e-01
0.000000000000000000e+00 1.053654061402903713e-01
0.000000000000000000e+00 1.034082784311523978e-01
0.000000000000000000e+00 1.046001180411922221e-01
0.000000000000000000e+00 1.061762729199546423e-01
0.000000000000000000e+00 1.026545174672511690e-01
0.000000000000000000e+00 1.081517263232561060e-01
0.000000000000000000e+00 1.164017354585147879e-01
0.000000000000000000e+00 1.137383060944726354e-01
0.000000000000000000e+00 1.111764206259112375e-01
0.000000000000000000e+00 1.120755423655275113e-01
0.000000000000000000e+00 1.053090762686509779e-01
0.000000000000000000e+00 1.036198159432259180e-01
0.000000000000000000e+00 1.016410016893720125e-01
0.000000000000000000e+00 1.057070568113908510e-01
0.000000000000000000e+00 1.058071071121915313e-01
0.000000000000000000e+00 9.663259414343229603e-02
0.000000000000000000e+00 9.214584926365738948e-02
0.000000000000000000e+00 7.731537302514475407e-02
0.000000000000000000e+00 7.332755965702712764e-02
0.000000000000000000e+00 6.280327942504687622e-02
0.000000000000000000e+00 5.227510832521919948e-02
0.000000000000000000e+00 3.883907238226175229e-02
0.000000000000000000e+00 2.864231287825145730e-02
0.000000000000000000e+00 2.353881241540631275e-02
0.000000000000000000e+00 2.145585074730590666e-02
0.000000000000000000e+00 1.533544477530514490e-02
