0.000000000000000000e+00 3.865750634845449563e-02
0.000000000000000000e+00 5.257454636735611059e-02
0.000000000000000000e+00 6.229714356185951651e-02
0.000000000000000000e+00 6.858201519920976985e-02
0.000000000000000000e+00 7.755575824861533907e-02
0.000000000000000000e+00 8.281246863020827464e-02
0.000000000000000000e+00 9.451236717047234448e-02
0.000000000000000000e+00 1.095233618283922572e-01
0.000000000000000000e+00 1.094574608621907280e-01
0.000000000000000000e+00 9.820644185914068069e-02
0.000000000000000000e+00 1.080372800382764925e-01
0.000000000000000000e+00 1.093291041992233148e-01
0.000000000000000000e+00 1.068942826771747401e-01
0.000000000000000000e+00 1.015838534148644223e-01
0.000000000000000000e+00 1.016214865919932847e-01
0.000000000000000000e+00 1.093300930614505978e-01
0.000000000000000000e+00 1.065858090243801404e-01
0.000000000000000000e+00 1.170776367521869227e-01
0.000000000000000000e+00 1.141355035895221387e-01
0.000000000000000000e+00 1.195452216173399640e-01
0.000000000000000000e+00 1.195502302087581015e-01
0.000000000000000000e+00 1.258359070666242863e-01
0.000000000000000000e+00 1.240257617887539077e-01
0.000000000000000000e+00 1.288653982544381016e-01
0.000000000000000000e+00 1.302511607976291896e-01
0.000000000000000000e+00 1.328759933932368020e-01
0.000000000000000000e+00 1.440177385945572430e-01
0.000000000000000000e+00 1.350383867998765641e-01
0.000000000000000000e+00 1.310993743715512250e-01
0.000000000000000000e+00 1.244007060752723992e-01
0.000000000000000000e+00 1.399879413077146362e-01
0.000000000000000000e+00 1.438988009830141357e-01
0.000000000000000000e+00 1.289036770717463254e-01
0.000000000000000000e+00 1.246232470504395340e-01
0.000000000000000000e+00 1.333457879941896407e-01
0.000000000000000000e+00 1.386345351736349985e-01
0.000000000000000000e+00 1.381445335794409535e-01
0.000000000000000000e+00 1.344568744564457186e-01
0.000000000000000000e+00 1.430407017230245770e-01
0.000000000000000000e+00 1.500833645005046346e-01
0.000000000000000000e+00 1.429480577925407725e-01
0.000000000000000000e+00 1.346353478707646156e-01
0.000000000000000000e+00 1.323700060565293213e-01
0.000000000000000000e+00 1.274448072666607423e-01
0.000000000000000000e+00 1.220130189667605475e-01
0.000000000000000000e+00 1.180162549608628070e-01
0.000000000000000000e+00 1.151133532576500279e-01
0.000000000000000000e+00 1.179329964587700758e-01
0.000000000000000000e+00 1.123603262904709632e-01
0.000000000000000000e+00 1.212051685756284081e-01
0.000000000000000000e+00 1.283473890325173838e-01
0.000000000000000000e+00 1.326140752011295831e-01
0.000000000000000000e+00 1.240481280361083738e-01
0.000000000000000000e+00 1.232125850846823439e-01
0.000000000000000000e+00 1.316373475356685807e-01
0.000000000000000000e+00 1.272838871730842536e-01
0.000000000000000000e+00 1.320900795084487545e-01
0.000000000000000000e+00 1.372884815319234397e-01
0.000000000000000000e+00 1.453831674848566347e-01
0.000000000000000000e+00 1.493651740989618004e-01
0.000000000000000000e+00 1.453637865308337884e-01
0.000000000000000000e+00 1.474032419807993766e-01
0.000000000000000000e+00 1.654562406458395807e-01
0.000000000000000000e+00 1.599906209080747266e-01
0.000000000000000000e+00 1.509176331332967302e-01
0.000000000000000000e+00 1.524891397045559094e-01
0.000000000000000000e+00 1.478633487294031268e-01
0.000000000000000000e+00 1.521303277440000656e-01
0.000000000000000000e+00 1.431612655643740017e-01
0.000000000000000000e+00 1.424885421695316345e-01
0.000000000000000000e+00 1.355143333382640980e-01
0.000000000000000000e+00 1.337532153578089023e-01
0.000000000000000000e+00 1.304446141759429134e-01
0.000000000000000000e+00 1.358716833032080906e-01
0.000000000000000000e+00 1.336735482921156404e-01
0.000000000000000000e+00 1.502609919939264516e-01
0.000000000000000000e+00 1.464038135578565603e-01
0.000000000000000000e+00 1.520870251812022622e-01
0.000000000000000000e+00 1.571294506449972816e-01
0.000000000000000000e+00 1.559793391766486348e-01
0.000000000000000000e+00 1.536511227833297910e-01
0.000000000000000000e+00 1.488218217589883374e-01
0.000000000000000000e+00 1.470036459487003844e-01
0.000000000000000000e+00 1.621221687438498538e-01
0.000000000000000000e+00 1.650130045488364672e-01
0.000000000000000000e+00 1.739364625268937925e-01
0.000000000000000000e+00 1.738096410550222237e-01
0.000000000000000000e+00 1.746078185319713816e-01
0.000000000000000000e+00 1.707826135759380748e-01
0.000000000000000000e+00 1.660105348962286620e-01
0.000000000000000000e+00 1.736112029326717932e-01
0.000000000000000000e+00 1.689454519383623565e-01
0.000000000000000000e+00 1.705506736136574164e-01
0.000000000000000000e+00 1.790643686350309738e-01
0.000000000000000000e+00 1.772525127532545985e-01
0.000000000000000000e+00 1.744250390845152876e-01
0.000000000000000000e+00 1.676361664255235639e-01
0.000000000000000000e+00 1.660192809525160851e-01
0.000000000000000000e+00 1.618993410141972011e-01
0.000000000000000000e+00 1.682068254021032438e-01
0.000000000000000000e+00 1.658579810454511305e-01
0.000000000000000000e+00 1.649124825000368166e-01
0.000000000000000000e+00 1.666114835548634654e-01
0.000000000000000000e+00 1.550826003556383670e-01
0.000000000000000000e+00 1.541341207055743068e-01
0.000000000000000000e+00 1.456231398622979401e-01
0.000000000000000000e+00 1.619344767049898659e-01
0.000000000000000000e+00 1.580147807475806299e-01
0.000000000000000000e+00 1.571236482199853957e-01
0.000000000000000000e+00 1.684921468748612761e-01
0.000000000000000000e+00 1.623446314966942583e-01
0.000000000000000000e+00 1.621754717682956926e-01
0.000000000000000000e+00 1.575309401391296882e-01
0.000000000000000000e+00 1.479783624075713677e-01
0.000000000000000000e+00 1.527122793156444613e-01
0.000000000000000000e+00 1.716574383517159297e-01
0.000000000000000000e+00 1.740458292491636472e-01
0.000000000000000000e+00 1.633247970681407091e-01
0.000000000000000000e+00 1.648723727850387177e-01
0.000000000000000000e+00 1.518170775851433452e-01
0.000000000000000000e+00 1.477887674634967008e-01
0.000000000000000000e+00 1.410440460077793945e-01
0.000000000000000000e+00 1.398324327505879872e-01
0.000000000000000000e+00 1.444532319208391147e-01
0.000000000000000000e+00 1.485565587277964672e-01
0.000000000000000000e+00 1.596848186874014197e-01
0.000000000000000000e+00 1.476537556796843897e-01
0.000000000000000000e+00 1.433455461703153633e-01
0.000000000000000000e+00 1.437845891953772881e-01
0.000000000000000000e+00 1.522393191189717332e-01
0.000000000000000000e+00 1.570554276661938475e-01
0.000000000000000000e+00 1.662542689750511338e-01
0.000000000000000000e+00 1.665016380327297707e-01
0.000000000000000000e+00 1.782167555615991050e-01
0.000000000000000000e+00 1.679076498886816482e-01
0.000000000000000000e+00 1.626793112657935469e-01
0.000000000000000000e+00 1.637441219175575502e-01
0.000000000000000000e+00 1.713281574260272777e-01
0.000000000000000000e+00 1.696078372936226653e-01
0.000000000000000000e+00 1.779132412807992725e-01
0.000000000000000000e+00 1.827090905795376030e-01
0.000000000000000000e+00 1.779570939326674262e-01
0.000000000000000000e+00 1.858062810451704128e-01
0.000000000000000000e+00 1.955243420108906949e-01
0.000000000000000000e+00 1.865567815645819139e-01
0.000000000000000000e+00 1.864199905291959170e-01
0.000000000000000000e+00 1.893734329890528201e-01
0.000000000000000000e+00 1.853208914704110311e-01
0.000000000000000000e+00 1.794457736194621511e-01
0.000000000000000000e+00 1.714750327117847417e-01
0.000000000000000000e+00 1.773245757112618115e-01
0.000000000000000000e+00 1.886151992315883985e-01
0.000000000000000000e+00 1.938199059248125466e-01
0.000000000000000000e+00 1.927917001125383778e-01
0.000000000000000000e+00 1.959481226405537235e-01
0.000000000000000000e+00 1.906395472978699990e-01
0.000000000000000000e+00 1.788103778992854165e-01
0.000000000000000000e+00 1.680445426021405231e-01
0.000000000000000000e+00 1.671331182905124169e-01
0.000000000000000000e+00 1.667431927398000668e-01
0.000000000000000000e+00 1.801975835767006540e-01
0.000000000000000000e+00 1.836050546119447346e-01
0.000000000000000000e+00 1.923789327872421628e-01
0.000000000000000000e+00 1.993857682655546804e-01
0.000000000000000000e+00 1.940878276797669277e-01
0.000000000000000000e+00 1.982790146266934228e-01
0.000000000000000000e+00 1.885817135580298565e-01
0.000000000000000000e+00 1.889664010952901707e-01
0.000000000000000000e+00 1.964807191515388352e-01
0.000000000000000000e+00 1.997225866377584369e-01
0.000000000000000000e+00 1.936337655650851863e-01
0.000000000000000000e+00 1.898222656657291563e-01
0.000000000000000000e+00 1.895867763535535044e-01
0.000000000000000000e+00 1.795946319442150163e-01
0.000000000000000000e+00 2.014657789112410113e-01
0.000000000000000000e+00 1.958926295288259956e-01
0.000000000000000000e+00 1.984439921265780948e-01
0.000000000000000000e+00 1.911136065523000860e-01
0.000000000000000000e+00 1.942792951202982898e-01
0.000000000000000000e+00 1.915629486316325625e-01
0.000000000000000000e+00 1.921222176885184485e-01
0.000000000000000000e+00 1.932410016900235061e-01
0.000000000000000000e+00 1.942661243095326895e-01
0.000000000000000000e+00 1.865816035888600288e-01
0.000000000000000000e+00 1.982186620610967009e-01
0.000000000000000000e+00 1.969491559196908659e-01
0.000000000000000000e+00 1.934172311262898347e-01
0.000000000000000000e+00 1.983475317344163824e-01
0.000000000000000000e+00 1.989350742232382785e-01
0.000000000000000000e+00 2.003652767016402547e-01
0.000000000000000000e+00 2.045304426780968632e-01
0.000000000000000000e+00 2.055161422383462166e-01
0.000000000000000000e+00 2.229028186967343950e-01
0.000000000000000000e+00 2.254447389061493001e-01
0.000000000000000000e+00 2.252291627522013395e-01
0.000000000000000000e+00 2.095880366353617685e-01
0.000000000000000000e+00 2.103111683451636404e-01
0.000000000000000000e+00 1.971084306298257760e-01
0.000000000000000000e+00 2.008705507466796714e-01
0.000000000000000000e+00 2.006621972040868729e-01
0.000000000000000000e+00 1.987464484505138129e-01
0.000000000000000000e+00 1.952653494315177429e-01
0.000000000000000000e+00 1.953769577172211613e-01
0.000000000000000000e+00 2.052026224605801308e-01
0.000000000000000000e+00 1.997067229442559821e-01
0.000000000000000000e+00 1.876823667409753260e-01
0.000000000000000000e+00 1.873164724346322585e-01
0.000000000000000000e+00 1.904641351787631498e-01
0.000000000000000000e+00 1.926671013810055677e-01
0.000000000000000000e+00 1.877504371326750021e-01
0.000000000000000000e+00 1.976570115363471547e-01
0.000000000000000000e+00 2.030011142526888523e-01
0.000000000000000000e+00 2.013003018376669229e-01
0.000000000000000000e+00 2.005221478214914976e-01
0.000000000000000000e+00 1.918058103054699759e-01
0.000000000000000000e+00 2.022869646408436139e-01
0.000000000000000000e+00 1.969206914056432223e-01
0.000000000000000000e+00 2.009181858689887967e-01
0.000000000000000000e+00 1.940583085707924815e-01
0.000000000000000000e+00 1.833963154878850144e-01
0.000000000000000000e+00 1.899572024779737356e-01
0.000000000000000000e+00 1.897917150611506676e-01
0.000000000000000000e+00 1.840134419645662323e-01
0.000000000000000000e+00 1.855841864371657601e-01
0.000000000000000000e+00 1.661933529565411682e-01
0.000000000000000000e+00 1.677623419674193206e-01
0.000000000000000000e+00 1.760466556337413890e-01
0.000000000000000000e+00 1.694698202375916896e-01
0.000000000000000000e+00 1.693348075335318614e-01
0.000000000000000000e+00 1.767392455396374906e-01
0.000000000000000000e+00 1.761676516758381161e-01
0.000000000000000000e+00 1.735125993060487037e-01
0.000000000000000000e+00 1.664505163288479417e-01
0.000000000000000000e+00 1.678149467766485714e-01
0.000000000000000000e+00 1.692673843120820198e-01
0.000000000000000000e+00 1.754562554772249316e-01
0.000000000000000000e+00 1.746580078387276191e-01
0.000000000000000000e+00 1.775334391623696328e-01
0.000000000000000000e+00 1.859158300765249572e-01
0.000000000000000000e+00 1.858274668663489615e-01
0.000000000000000000e+00 1.867536378420215637e-01
0.000000000000000000e+00 1.822153180507878889e-01
0.000000000000000000e+00 1.901209456408410603e-01
0.000000000000000000e+00 1.884543455317978511e-01
0.000000000000000000e+00 1.695767307941196955e-01
0.000000000000000000e+00 1.762874093284044485e-01
0.000000000000000000e+00 1.843600440850468314e-01
0.000000000000000000e+00 1.779624637783220054e-01
0.000000000000000000e+00 1.812969041462930420e-01
0.000000000000000000e+00 1.816989958877734679e-01
0.000000000000000000e+00 1.975527862153543257e-01
0.000000000000000000e+00 2.069823336548963499e-01
0.000000000000000000e+00 2.095980135314468584e-01
0.000000000000000000e+00 2.099294932705038363e-01
0.000000000000000000e+00 2.123637352386194277e-01
0.000000000000000000e+00 2.130303876724649326e-01
0.000000000000000000e+00 2.056532085843414404e-01
0.000000000000000000e+00 2.089797482016866603e-01
0.000000000000000000e+00 2.073705122246382038e-01
0.000000000000000000e+00 1.997636660925947993e-01
0.000000000000000000e+00 2.057139170417342788e-01
0.000000000000000000e+00 2.063644503825145249e-01
0.000000000000000000e+00 2.002536571134202192e-01
0.000000000000000000e+00 2.047889037216906738e-01
0.000000000000000000e+00 2.022722947223530299e-01
0.000000000000000000e+00 2.119255411692103630e-01
0.000000000000000000e+00 2.051560259071694425e-01
0.000000000000000000e+00 1.843156906540656670e-01
0.000000000000000000e+00 1.893642411094368649e-01
0.000000000000000000e+00 2.011478618395547424e-01
0.000000000000000000e+00 1.941230500385342506e-01
0.000000000000000000e+00 1.900963714613793099e-01
0.000000000000000000e+00 1.868738793167881163e-01
0.000000000000000000e+00 1.760171953593060723e-01
0.000000000000000000e+00 1.819876101614504582e-01
0.000000000000000000e+00 1.948010991226321875e-01
0.000000000000000000e+00 1.911681551586448258e-01
0.000000000000000000e+00 1.886050158967332580e-01
0.000000000000000000e+00 1.890808835197107241e-01
0.000000000000000000e+00 1.846169927798265720e-01
0.000000000000000000e+00 1.845978717680801517e-01
0.000000000000000000e+00 1.849901193895029106e-01
0.000000000000000000e+00 1.914095352686067397e-01
0.000000000000000000e+00 1.862825960555645755e-01
0.000000000000000000e+00 1.899273220108333715e-01
0.000000000000000000e+00 1.979846030185972716e-01
0.000000000000000000e+00 1.995427345230491589e-01
0.000000000000000000e+00 2.046271433320663025e-01
0.000000000000000000e+00 1.976613991566650019e-01
0.000000000000000000e+00 1.930537091185696996e-01
0.000000000000000000e+00 2.018355231643526870e-01
0.000000000000000000e+00 1.980886538818975584e-01
0.000000000000000000e+00 1.929825170097420606e-01
0.000000000000000000e+00 2.037891375508139591e-01
0.000000000000000000e+00 2.124597089242935000e-01
0.000000000000000000e+00 2.132430624839921907e-01
0.000000000000000000e+00 2.017912924400961927e-01
0.000000000000000000e+00 2.072024502740428542e-01
0.000000000000000000e+00 1.983062450494609830e-01
0.000000000000000000e+00 1.932966910885782208e-01
0.000000000000000000e+00 1.916717224530663788e-01
0.000000000000000000e+00 1.829959194922961552e-01
0.000000000000000000e+00 1.675464477230211857e-01
0.000000000000000000e+00 1.721979981345116151e-01
0.000000000000000000e+00 1.542393437326889383e-01
0.000000000000000000e+00 1.523587348363415472e-01
0.000000000000000000e+00 1.538484999093892303e-01
0.000000000000000000e+00 1.613134490469893545e-01
0.000000000000000000e+00 1.487111704183771144e-01
0.000000000000000000e+00 1.590596297985511776e-01
0.000000000000000000e+00 1.665364273328780176e-01
0.000000000000000000e+00 1.566541041991744432e-01
0.000000000000000000e+00 1.623474770766219211e-01
0.000000000000000000e+00 1.635654987719638020e-01
0.000000000000000000e+00 1.522035127473808647e-01
0.000000000000000000e+00 1.557252243884230947e-01
0.000000000000000000e+00 1.521950088759825293e-01
0.000000000000000000e+00 1.599663946647280066e-01
0.000000000000000000e+00 1.646075165508032179e-01
0.000000000000000000e+00 1.685614315368298144e-01
0.000000000000000000e+00 1.758203721988127188e-01
0.000000000000000000e+00 1.753753182314989334e-01
0.000000000000000000e+00 1.729954598015413791e-01
0.000000000000000000e+00 1.693460182473546516e-01
0.000000000000000000e+00 1.704780568936281604e-01
0.000000000000000000e+00 1.755939503722339923e-01
0.000000000000000000e+00 1.803023401797703706e-01
0.000000000000000000e+00 1.731940043934535045e-01
0.000000000000000000e+00 1.726126663518730286e-01
0.000000000000000000e+00 1.778943004006751649e-01
0.000000000000000000e+00 1.859462846504715272e-01
0.000000000000000000e+00 1.945677445877574963e-01
0.000000000000000000e+00 1.846745353760167463e-01
0.000000000000000000e+00 1.932720509577744994e-01
0.000000000000000000e+00 1.920433157086046949e-01
0.000000000000000000e+00 1.895323200153180843e-01
0.000000000000000000e+00 1.904209917945064168e-01
0.000000000000000000e+00 1.870132369419799934e-01
0.000000000000000000e+00 1.827181635227873857e-01
0.000000000000000000e+00 1.944284030721473711e-01
0.000000000000000000e+00 1.815951591928349207e-01
0.000000000000000000e+00 1.711203801517774126e-01
0.000000000000000000e+00 1.656954051829516994e-01
0.000000000000000000e+00 1.735731238935470100e-01
0.000000000000000000e+00 1.641501484994706828e-01
0.000000000000000000e+00 1.658807795769497717e-01
0.000000000000000000e+00 1.697802078761968814e-01
0.000000000000000000e+00 1.610317983133988384e-01
0.000000000000000000e+00 1.520768813301980327e-01
0.000000000000000000e+00 1.571634867620083642e-01
0.000000000000000000e+00 1.489488570295263437e-01
0.000000000000000000e+00 1.455722184114392470e-01
0.000000000000000000e+00 1.451408847209106623e-01
0.000000000000000000e+00 1.435209777332199510e-01
0.000000000000000000e+00 1.491281501523698261e-01
0.000000000000000000e+00 1.443284461058698120e-01
0.000000000000000000e+00 1.266431579183756317e-01
0.000000000000000000e+00 1.483580089982801942e-01
0.000000000000000000e+00 1.531027166122066741e-01
0.000000000000000000e+00 1.526538558543959478e-01
0.000000000000000000e+00 1.525362145513452228e-01
0.000000000000000000e+00 1.502395000997655272e-01
0.000000000000000000e+00 1.484086526422677688e-01
0.000000000000000000e+00 1.495504386568825006e-01
0.000000000000000000e+00 1.420191387284471252e-01
0.000000000000000000e+00 1.422769241965973208e-01
0.000000000000000000e+00 1.358560061559782317e-01
0.000000000000000000e+00 1.468237603897785681e-01
0.000000000000000000e+00 1.383839479419208818e-01
0.000000000000000000e+00 1.421533681425534157e-01
0.000000000000000000e+00 1.381122206410557718e-01
0.000000000000000000e+00 1.338573056097108471e-01
0.000000000000000000e+00 1.273123247078551123e-01
0.000000000000000000e+00 1.307237236460365160e-01
0.000000000000000000e+00 1.403858353223980115e-01
0.000000000000000000e+00 1.337556654301725600e-01
0.000000000000000000e+00 1.372202490385381335e-01
0.000000000000000000e+00 1.347210749861141033e-01
0.000000000000000000e+00 1.191090026973202348e-01
0.000000000000000000e+00 1.199699245851821583e-01
0.000000000000000000e+00 1.289312030165947476e-01
0.000000000000000000e+00 1.230898415079365177e-01
0.000000000000000000e+00 1.263835109727253492e-01
0.000000000000000000e+00 1.274547619284281952e-01
0.000000000000000000e+00 1.344370585696871567e-01
0.000000000000000000e+00 1.427937272814079339e-01
0.000000000000000000e+00 1.503959469908283109e-01
0.000000000000000000e+00 1.516296936583543531e-01
0.000000000000000000e+00 1.516209892947305848e-01
0.000000000000000000e+00 1.607525882083112589e-01
0.000000000000000000e+00 1.754508442311528416e-01
0.000000000000000000e+00 1.813247103556309969e-01
0.000000000000000000e+00 1.686005391221511440e-01
0.000000000000000000e+00 1.682457831032627138e-01
0.000000000000000000e+00 1.676676384292535293e-01
0.000000000000000000e+00 1.504821897946244658e-01
0.000000000000000000e+00 1.511994853040016240e-01
0.000000000000000000e+00 1.502083223403985202e-01
0.000000000000000000e+00 1.550015233570733453e-01
0.000000000000000000e+00 1.520927616657420933e-01
0.000000000000000000e+00 1.517386081616275140e-01
0.000000000000000000e+00 1.493397590753167969e-01
0.000000000000000000e+00 1.431050825699573537e-01
0.000000000000000000e+00 1.370341204644415778e-01
0.000000000000000000e+00 1.314806530122694939e-01
0.000000000000000000e+00 1.290237510929497511e-01
0.000000000000000000e+00 1.239129341224680242e-01
0.000000000000000000e+00 1.264794775171493579e-01
0.000000000000000000e+00 1.258433720660640798e-01
0.000000000000000000e+00 1.282919165541854811e-01
0.000000000000000000e+00 1.264438318143795703e-01
0.000000000000000000e+00 1.296355404156364077e-01
0.000000000000000000e+00 1.376202289056445427e-01
0.000000000000000000e+00 1.555047015351086193e-01
0.000000000000000000e+00 1.615662277684496995e-01
0.000000000000000000e+00 1.531256019930763157e-01
0.000000000000000000e+00 1.679535616493866290e-01
0.000000000000000000e+00 1.650269447117290456e-01
0.000000000000000000e+00 1.621071984769380803e-01
0.000000000000000000e+00 1.561412992073203665e-01
0.000000000000000000e+00 1.386089978411177981e-01
0.000000000000000000e+00 1.434074669846573946e-01
0.000000000000000000e+00 1.438678845320726929e-01
0.000000000000000000e+00 1.474830115675008213e-01
0.000000000000000000e+00 1.414262012274067060e-01
0.000000000000000000e+00 1.389885368399138843e-01
0.000000000000000000e+00 1.393355137216892858e-01
0.000000000000000000e+00 1.412677969319884874e-01
0.000000000000000000e+00 1.355822816149046539e-01
0.000000000000000000e+00 1.334177839423487111e-01
0.000000000000000000e+00 1.278220160881758660e-01
0.000000000000000000e+00 1.308428164416233774e-01
0.000000000000000000e+00 1.436296877988843257e-01
0.000000000000000000e+00 1.363714874780516673e-01
0.000000000000000000e+00 1.360599781611425696e-01
0.000000000000000000e+00 1.412787216458953887e-01
0.000000000000000000e+00 1.375622693514164663e-01
0.000000000000000000e+00 1.454677598914783376e-01
0.000000000000000000e+00 1.423818924129551244e-01
0.000000000000000000e+00 1.401259345684078839e-01
0.000000000000000000e+00 1.467221867589739159e-01
0.000000000000000000e+00 1.441368750502616536e-01
0.000000000000000000e+00 1.283082714635460364e-01
0.000000000000000000e+00 1.377498759881787271e-01
0.000000000000000000e+00 1.319738257042516738e-01
0.000000000000000000e+00 1.466143268971651648e-01
0.000000000000000000e+00 1.544493602197970772e-01
0.000000000000000000e+00 1.617922332480107306e-01
0.000000000000000000e+00 1.652583521890834684e-01
0.000000000000000000e+00 1.667238144075599837e-01
0.000000000000000000e+00 1.639685160256870722e-01
0.000000000000000000e+00 1.608809998142995690e-01
0.000000000000000000e+00 1.602622207133939103e-01
0.000000000000000000e+00 1.628038645944051288e-01
0.000000000000000000e+00 1.617094183256472806e-01
0.000000000000000000e+00 1.500927506962651814e-01
0.000000000000000000e+00 1.485316067872735624e-01
0.000000000000000000e+00 1.448110879960015362e-01
0.000000000000000000e+00 1.470183826112959613e-01
0.000000000000000000e+00 1.448379145092940912e-01
0.000000000000000000e+00 1.455198950673138036e-01
0.000000000000000000e+00 1.485682294514164281e-01
0.000000000000000000e+00 1.435136444488931684e-01
0.000000000000000000e+00 1.486868251541329233e-01
0.000000000000000000e+00 1.500619444194524199e-01
0.000000000000000000e+00 1.585193420765699246e-01
0.000000000000000000e+00 1.589038290403022025e-01
0.000000000000000000e+00 1.379899784454694522e-01
0.000000000000000000e+00 1.462149577583292115e-01
0.000000000000000000e+00 1.372989883512827081e-01
0.000000000000000000e+00 1.371078849894176166e-01
0.000000000000000000e+00 1.267612456581211633e-01
0.000000000000000000e+00 1.366814966381764695e-01
0.000000000000000000e+00 1.302943123824246707e-01
0.000000000000000000e+00 1.288761901055158476e-01
0.000000000000000000e+00 1.358961746099963674e-01
0.000000000000000000e+00 1.336830194158291629e-01
0.000000000000000000e+00 1.323936880575585229e-01
0.000000000000000000e+00 1.394479073817311565e-01
0.000000000000000000e+00 1.436102179990995098e-01
0.000000000000000000e+00 1.396320552139224402e-01
0.000000000000000000e+00 1.355278843719669446e-01
0.000000000000000000e+00 1.307738929328461364e-01
0.000000000000000000e+00 1.261469744842580731e-01
0.000000000000000000e+00 1.169893945703095739e-01
0.000000000000000000e+00 1.150123203211409623e-01
0.000000000000000000e+00 1.233582788492051802e-01
0.000000000000000000e+00 1.305567954620691640e-01
0.000000000000000000e+00 1.255535089525589287e-01
0.000000000000000000e+00 1.161771633414697830e-01
0.000000000000000000e+00 1.163654827718761803e-01
0.000000000000000000e+00 1.211162249811160302e-01
0.000000000000000000e+00 1.383180542401624413e-01
0.000000000000000000e+00 1.356535896711813238e-01
0.000000000000000000e+00 1.316120712134379034e-01
0.000000000000000000e+00 1.331904750460194686e-01
0.000000000000000000e+00 1.187540338402010148e-01
0.000000000000000000e+00 1.268491749688816506e-01
0.000000000000000000e+00 1.204843022298211497e-01
0.000000000000000000e+00 1.266016682593424647e-01
0.000000000000000000e+00 1.269529075772926896e-01
0.000000000000000000e+00 1.248471194770547632e-01
0.000000000000000000e+00 1.122516841440808627e-01
0.000000000000000000e+00 1.075161488113848540e-01
0.000000000000000000e+00 1.081594683055923517e-01
0.000000000000000000e+00 8.442948712404471645e-02
0.000000000000000000e+00 8.098595396945096336e-02
0.000000000000000000e+00 6.793695528129516104e-02
0.000000000000000000e+00 5.113735132061474759e-02
0.000000000000000000e+00 4.826929446496776993e-02
0.000000000000000000e+00 3.171389155843005320e-02
