1.000000000000000000e+00 9.938513376605846439e-01
2.000000000000000000e+00 1.982109447825620485e+00
3.000000000000000000e+00 2.962455758574530140e+00
4.000000000000000000e+00 3.938654343064688312e+00
5.000000000000000000e+00 4.910352191556846435e+00
6.000000000000000000e+00 5.873893464884365478e+00
7.000000000000000000e+00 6.836999616123434542e+00
8.000000000000000000e+00 7.799450800245492310e+00
9.000000000000000000e+00 8.757659163224854382e+00
1.000000000000000000e+01 9.707412409000724551e+00
1.100000000000000000e+01 1.065699936602635844e+01
1.200000000000000000e+01 1.160255771107312484e+01
1.300000000000000000e+01 1.253795759633392848e+01
1.400000000000000000e+01 1.347323422316781105e+01
1.500000000000000000e+01 1.440694713155119366e+01
1.600000000000000000e+01 1.533369304974003100e+01
1.700000000000000000e+01 1.625761095289793090e+01
1.800000000000000000e+01 1.717378270222109649e+01
1.900000000000000000e+01 1.808457096991419988e+01
2.000000000000000000e+01 1.898588759046677055e+01
2.100000000000000000e+01 1.989306362860584798e+01
2.200000000000000000e+01 2.078835177795525979e+01
2.300000000000000000e+01 2.168215318659225943e+01
2.400000000000000000e+01 2.257127713175198025e+01
2.500000000000000000e+01 2.346727416481036954e+01
2.600000000000000000e+01 2.434896567983615512e+01
2.700000000000000000e+01 2.523491555780819695e+01
2.800000000000000000e+01 2.610734312495980447e+01
2.900000000000000000e+01 2.697657500267004949e+01
3.000000000000000000e+01 2.785072105403109077e+01
3.100000000000000000e+01 2.871518807534555862e+01
3.200000000000000000e+01 2.956563901764578262e+01
3.300000000000000000e+01 3.041859771837111026e+01
3.400000000000000000e+01 3.126821091732316305e+01
3.500000000000000000e+01 3.212954271195242484e+01
3.600000000000000000e+01 3.297168433611185634e+01
3.700000000000000000e+01 3.382494812632170778e+01
3.800000000000000000e+01 3.466662920046206153e+01
3.900000000000000000e+01 3.550818568396434216e+01
4.000000000000000000e+01 3.633939082452837255e+01
4.100000000000000000e+01 3.716539297341585524e+01
4.200000000000000000e+01 3.799894576869008489e+01
4.300000000000000000e+01 3.884136217773892241e+01
4.400000000000000000e+01 3.966045689162358912e+01
4.500000000000000000e+01 4.046775179984114601e+01
4.600000000000000000e+01 4.128618984772548828e+01
4.700000000000000000e+01 4.210596780381524695e+01
4.800000000000000000e+01 4.291393381688149589e+01
4.900000000000000000e+01 4.371518414664392793e+01
5.000000000000000000e+01 4.451124448425765223e+01
5.100000000000000000e+01 4.531256777436568228e+01
5.200000000000000000e+01 4.611192189616373582e+01
5.300000000000000000e+01 4.691017087104158634e+01
5.400000000000000000e+01 4.768993138972648893e+01
5.500000000000000000e+01 4.846663493150131785e+01
5.600000000000000000e+01 4.925337049268844680e+01
5.700000000000000000e+01 5.003216429705698687e+01
5.800000000000000000e+01 5.080805483606873452e+01
5.900000000000000000e+01 5.157680596244443194e+01
6.000000000000000000e+01 5.233656976520727966e+01
6.100000000000000000e+01 5.309876956856373909e+01
6.200000000000000000e+01 5.385759522218223339e+01
6.300000000000000000e+01 5.462134602163560970e+01
6.400000000000000000e+01 5.536604004789264621e+01
6.500000000000000000e+01 5.610440109899164440e+01
6.600000000000000000e+01 5.684546991947264871e+01
6.700000000000000000e+01 5.758385549288704652e+01
6.800000000000000000e+01 5.831790352682582323e+01
6.900000000000000000e+01 5.906396786128851062e+01
7.000000000000000000e+01 5.979963834427989866e+01
7.100000000000000000e+01 6.051890291646401465e+01
7.200000000000000000e+01 6.123148353642693564e+01
7.300000000000000000e+01 6.195812645240840766e+01
7.400000000000000000e+01 6.268180679318370352e+01
7.500000000000000000e+01 6.339976345967431115e+01
7.600000000000000000e+01 6.409665286070681134e+01
7.700000000000000000e+01 6.480664891370442149e+01
7.800000000000000000e+01 6.551674883665421589e+01
7.900000000000000000e+01 6.621420995759518746e+01
8.000000000000000000e+01 6.690037764081559146e+01
8.100000000000000000e+01 6.759776196574212292e+01
8.200000000000000000e+01 6.827388113627891641e+01
8.300000000000000000e+01 6.894733035931382403e+01
8.400000000000000000e+01 6.961375249682451738e+01
8.500000000000000000e+01 7.029953845204011031e+01
8.600000000000000000e+01 7.098243491658860194e+01
8.700000000000000000e+01 7.165291233633148238e+01
8.800000000000000000e+01 7.231649375359566534e+01
8.900000000000000000e+01 7.298453077808233047e+01
9.000000000000000000e+01 7.364849510218733997e+01
9.100000000000000000e+01 7.429407499139985305e+01
9.200000000000000000e+01 7.494926780319335080e+01
9.300000000000000000e+01 7.558469763678243680e+01
9.400000000000000000e+01 7.623531927768348737e+01
9.500000000000000000e+01 7.688360504373154924e+01
9.600000000000000000e+01 7.753145867240301925e+01
9.700000000000000000e+01 7.817341789018071552e+01
9.800000000000000000e+01 7.881224187058818131e+01
9.900000000000000000e+01 7.945200632881167735e+01
1.000000000000000000e+02 8.007555486177855641e+01
1.010000000000000000e+02 8.069121485210544620e+01
1.020000000000000000e+02 8.132097236375992111e+01
1.030000000000000000e+02 8.193699096635533863e+01
1.040000000000000000e+02 8.254827550311186712e+01
1.050000000000000000e+02 8.316039060159161522e+01
1.060000000000000000e+02 8.375697174785020138e+01
1.070000000000000000e+02 8.434918568896675595e+01
1.080000000000000000e+02 8.495551357732306030e+01
1.090000000000000000e+02 8.556451753032462193e+01
1.100000000000000000e+02 8.614663961634190059e+01
1.110000000000000000e+02 8.674143240097947682e+01
1.120000000000000000e+02 8.732475077887127668e+01
1.130000000000000000e+02 8.790570755309313711e+01
1.140000000000000000e+02 8.848124952818649547e+01
1.150000000000000000e+02 8.903880077060433962e+01
1.160000000000000000e+02 8.961333514945238221e+01
1.170000000000000000e+02 9.017354826266580403e+01
1.180000000000000000e+02 9.073278170185270142e+01
1.190000000000000000e+02 9.128587411302007126e+01
1.200000000000000000e+02 9.184181861106665679e+01
1.210000000000000000e+02 9.240227277779676740e+01
1.220000000000000000e+02 9.294024048957632544e+01
1.230000000000000000e+02 9.347799139959120396e+01
1.240000000000000000e+02 9.402053829833366194e+01
1.250000000000000000e+02 9.456361971290988322e+01
1.260000000000000000e+02 9.509543230074835662e+01
1.270000000000000000e+02 9.564051980676353537e+01
1.280000000000000000e+02 9.616490428896871379e+01
1.290000000000000000e+02 9.668492200390747371e+01
1.300000000000000000e+02 9.718529293488973053e+01
1.310000000000000000e+02 9.769849025075049553e+01
1.320000000000000000e+02 9.822896140398786713e+01
1.330000000000000000e+02 9.875414343773663006e+01
1.340000000000000000e+02 9.925153017737200400e+01
1.350000000000000000e+02 9.974414497690283099e+01
1.360000000000000000e+02 1.002345252865014231e+02
1.370000000000000000e+02 1.007200712315249405e+02
1.380000000000000000e+02 1.012034980817580561e+02
1.390000000000000000e+02 1.016951426439330533e+02
1.400000000000000000e+02 1.021828515717823365e+02
1.410000000000000000e+02 1.026639615043688423e+02
1.420000000000000000e+02 1.031317609946882783e+02
1.430000000000000000e+02 1.035949992340195394e+02
1.440000000000000000e+02 1.040709891574452826e+02
1.450000000000000000e+02 1.045388262809448889e+02
1.460000000000000000e+02 1.050015837229255169e+02
1.470000000000000000e+02 1.054467311161019012e+02
1.480000000000000000e+02 1.059007665563409120e+02
1.490000000000000000e+02 1.063519126730654563e+02
1.500000000000000000e+02 1.067931022174619784e+02
1.510000000000000000e+02 1.072293230182256991e+02
1.520000000000000000e+02 1.076653682470621618e+02
1.530000000000000000e+02 1.081032798408444648e+02
1.540000000000000000e+02 1.085416493883221136e+02
1.550000000000000000e+02 1.089709589494314628e+02
1.560000000000000000e+02 1.093845320283499376e+02
1.570000000000000000e+02 1.098164627700421363e+02
1.580000000000000000e+02 1.102381284317986143e+02
1.590000000000000000e+02 1.106495652865421562e+02
1.600000000000000000e+02 1.110719942030138014e+02
1.610000000000000000e+02 1.114846147306773361e+02
1.620000000000000000e+02 1.118933579029636860e+02
1.630000000000000000e+02 1.122894638636017532e+02
1.640000000000000000e+02 1.126762571775643096e+02
1.650000000000000000e+02 1.130632008136439026e+02
1.660000000000000000e+02 1.134389765938935994e+02
1.670000000000000000e+02 1.138336940660742158e+02
1.680000000000000000e+02 1.142121114471706278e+02
1.690000000000000000e+02 1.145896021880419084e+02
1.700000000000000000e+02 1.149509903658236851e+02
1.710000000000000000e+02 1.153123602293376706e+02
1.720000000000000000e+02 1.156600008983130294e+02
1.730000000000000000e+02 1.160085775185866908e+02
1.740000000000000000e+02 1.163686407785617973e+02
1.750000000000000000e+02 1.167293445048667593e+02
1.760000000000000000e+02 1.170651536316816532e+02
1.770000000000000000e+02 1.174083619429528511e+02
1.780000000000000000e+02 1.177460227660212837e+02
1.790000000000000000e+02 1.180850031903447643e+02
1.800000000000000000e+02 1.184129182619763867e+02
1.810000000000000000e+02 1.187405841955419561e+02
1.820000000000000000e+02 1.190721302626356675e+02
1.830000000000000000e+02 1.193872824172927807e+02
1.840000000000000000e+02 1.196780600262325294e+02
1.850000000000000000e+02 1.199971901892602091e+02
1.860000000000000000e+02 1.203036801140498966e+02
1.870000000000000000e+02 1.205945131594285016e+02
1.880000000000000000e+02 1.208891352479534049e+02
1.890000000000000000e+02 1.211945790561521505e+02
1.900000000000000000e+02 1.214912357086767685e+02
1.910000000000000000e+02 1.217681812617048536e+02
1.920000000000000000e+02 1.220500759701771614e+02
1.930000000000000000e+02 1.223297493039570867e+02
1.940000000000000000e+02 1.225999477132605620e+02
1.950000000000000000e+02 1.228776938388377857e+02
1.960000000000000000e+02 1.231444672744980693e+02
1.970000000000000000e+02 1.234286139598952161e+02
1.980000000000000000e+02 1.237015224944783540e+02
1.990000000000000000e+02 1.239354819347736765e+02
2.000000000000000000e+02 1.241840343481828342e+02
2.010000000000000000e+02 1.244412682677427000e+02
2.020000000000000000e+02 1.246964700675959392e+02
2.030000000000000000e+02 1.249345253279394541e+02
2.040000000000000000e+02 1.251652942861563957e+02
2.050000000000000000e+02 1.253974043584177451e+02
2.060000000000000000e+02 1.256300771310163071e+02
2.070000000000000000e+02 1.258704494101329061e+02
2.080000000000000000e+02 1.260932093102153431e+02
2.090000000000000000e+02 1.263119601058424166e+02
2.100000000000000000e+02 1.265233667339937682e+02
2.110000000000000000e+02 1.267231720316728456e+02
2.120000000000000000e+02 1.269190483149417759e+02
2.130000000000000000e+02 1.271157849933959199e+02
2.140000000000000000e+02 1.272922652312443432e+02
2.150000000000000000e+02 1.274735094264583068e+02
2.160000000000000000e+02 1.276427758336242704e+02
2.170000000000000000e+02 1.277992856943861284e+02
2.180000000000000000e+02 1.279768561094728909e+02
2.190000000000000000e+02 1.281250823933542904e+02
2.200000000000000000e+02 1.282793080182295284e+02
2.210000000000000000e+02 1.284313759059084248e+02
2.220000000000000000e+02 1.285806803552058284e+02
2.230000000000000000e+02 1.287232604953823909e+02
2.240000000000000000e+02 1.288736041474303704e+02
2.250000000000000000e+02 1.290190966443999798e+02
2.260000000000000000e+02 1.291495796490414989e+02
2.270000000000000000e+02 1.292796578378716674e+02
2.280000000000000000e+02 1.294174370705548824e+02
2.290000000000000000e+02 1.295365731851885869e+02
2.300000000000000000e+02 1.296538656967254042e+02
2.310000000000000000e+02 1.297645631762128460e+02
2.320000000000000000e+02 1.298842954841030632e+02
2.330000000000000000e+02 1.299972042732431134e+02
2.340000000000000000e+02 1.300820287536160436e+02
2.350000000000000000e+02 1.301654285535048814e+02
2.360000000000000000e+02 1.302684605097047665e+02
2.370000000000000000e+02 1.303681412571744431e+02
2.380000000000000000e+02 1.304508376803252645e+02
2.390000000000000000e+02 1.305442913390272111e+02
2.400000000000000000e+02 1.306333070833046293e+02
2.410000000000000000e+02 1.306937295783434081e+02
2.420000000000000000e+02 1.307537388743848510e+02
2.430000000000000000e+02 1.308072112335941313e+02
2.440000000000000000e+02 1.308680934270324201e+02
2.450000000000000000e+02 1.309201784639964217e+02
2.460000000000000000e+02 1.309814641390424583e+02
2.470000000000000000e+02 1.310399517964215761e+02
2.480000000000000000e+02 1.310870355272905385e+02
2.490000000000000000e+02 1.311210480909713567e+02
2.500000000000000000e+02 1.311554996656905985e+02
2.510000000000000000e+02 1.311807963887137873e+02
2.520000000000000000e+02 1.311977434226504613e+02
2.530000000000000000e+02 1.311979498387951821e+02
2.540000000000000000e+02 1.312182172421114785e+02
2.550000000000000000e+02 1.312197249744908163e+02
2.560000000000000000e+02 1.312208924697525845e+02
2.570000000000000000e+02 1.312189388082378798e+02
2.580000000000000000e+02 1.312043174924478990e+02
2.590000000000000000e+02 1.311905535675898591e+02
2.600000000000000000e+02 1.311868003795941888e+02
2.610000000000000000e+02 1.311667746560400758e+02
2.620000000000000000e+02 1.311442557400753799e+02
2.630000000000000000e+02 1.311042521164438313e+02
2.640000000000000000e+02 1.310469354734814544e+02
2.650000000000000000e+02 1.310232385087967941e+02
2.660000000000000000e+02 1.309714532156422138e+02
2.670000000000000000e+02 1.309276983822865077e+02
2.680000000000000000e+02 1.308786133935976466e+02
2.690000000000000000e+02 1.308116093955415522e+02
2.700000000000000000e+02 1.307400565516739164e+02
2.710000000000000000e+02 1.306761903473155542e+02
2.720000000000000000e+02 1.306090336978734854e+02
2.730000000000000000e+02 1.305169974214020669e+02
2.740000000000000000e+02 1.304338087538921229e+02
2.750000000000000000e+02 1.303525054124327482e+02
2.760000000000000000e+02 1.302790369593215587e+02
2.770000000000000000e+02 1.301928515837866200e+02
2.780000000000000000e+02 1.301054537349310749e+02
2.790000000000000000e+02 1.299835178742719393e+02
2.800000000000000000e+02 1.298820886238107732e+02
2.810000000000000000e+02 1.297741658011459549e+02
2.820000000000000000e+02 1.296689137506822647e+02
2.830000000000000000e+02 1.295542838255303764e+02
2.840000000000000000e+02 1.294155774368351501e+02
2.850000000000000000e+02 1.292919258146104369e+02
2.860000000000000000e+02 1.291628488236454473e+02
2.870000000000000000e+02 1.290262770539347628e+02
2.880000000000000000e+02 1.288822126734566780e+02
2.890000000000000000e+02 1.287279289687304811e+02
2.900000000000000000e+02 1.285817638335120421e+02
2.910000000000000000e+02 1.284183014246869732e+02
2.920000000000000000e+02 1.282556731666782923e+02
2.930000000000000000e+02 1.280860899058528446e+02
2.940000000000000000e+02 1.279113118837460945e+02
2.950000000000000000e+02 1.277342891308116748e+02
2.960000000000000000e+02 1.275595904506371454e+02
2.970000000000000000e+02 1.273739722097992910e+02
2.980000000000000000e+02 1.271854176226023441e+02
2.990000000000000000e+02 1.269881816606152398e+02
3.000000000000000000e+02 1.267905576478378293e+02
3.010000000000000000e+02 1.265854562239961183e+02
3.020000000000000000e+02 1.263883453836566133e+02
3.030000000000000000e+02 1.261691431573478184e+02
3.040000000000000000e+02 1.259590350977731816e+02
3.050000000000000000e+02 1.257519101732990805e+02
3.060000000000000000e+02 1.255516266779241050e+02
3.070000000000000000e+02 1.253441257833716236e+02
3.080000000000000000e+02 1.251176918639233975e+02
3.090000000000000000e+02 1.248816243147065137e+02
3.100000000000000000e+02 1.246536738179862738e+02
3.110000000000000000e+02 1.244097315157316785e+02
3.120000000000000000e+02 1.241307252343706722e+02
3.130000000000000000e+02 1.238856603876841973e+02
3.140000000000000000e+02 1.236388984748261777e+02
3.150000000000000000e+02 1.233760816886564271e+02
3.160000000000000000e+02 1.231103130213067232e+02
3.170000000000000000e+02 1.228498304442063898e+02
3.180000000000000000e+02 1.225592153845978771e+02
3.190000000000000000e+02 1.222854774968917724e+02
3.200000000000000000e+02 1.220163662842855388e+02
3.210000000000000000e+02 1.217284465883937514e+02
3.220000000000000000e+02 1.214335601457315192e+02
3.230000000000000000e+02 1.211407143430212159e+02
3.240000000000000000e+02 1.208289739477742017e+02
3.250000000000000000e+02 1.205358405880509878e+02
3.260000000000000000e+02 1.202270791988710670e+02
3.270000000000000000e+02 1.199133979318749681e+02
3.280000000000000000e+02 1.195882510165501600e+02
3.290000000000000000e+02 1.192804154896100215e+02
3.300000000000000000e+02 1.189649573617746796e+02
3.310000000000000000e+02 1.186405943835325019e+02
3.320000000000000000e+02 1.183142709844658782e+02
3.330000000000000000e+02 1.179835906075844036e+02
3.340000000000000000e+02 1.176669897615724238e+02
3.350000000000000000e+02 1.173242112747840480e+02
3.360000000000000000e+02 1.169639912153042474e+02
3.370000000000000000e+02 1.166130479241339799e+02
3.380000000000000000e+02 1.162566524442596005e+02
3.390000000000000000e+02 1.158949419034073571e+02
3.400000000000000000e+02 1.155367299604326377e+02
3.410000000000000000e+02 1.151585667841855951e+02
3.420000000000000000e+02 1.147977647497901046e+02
3.430000000000000000e+02 1.144357663722573477e+02
3.440000000000000000e+02 1.140716974542207964e+02
3.450000000000000000e+02 1.136926209311761653e+02
3.460000000000000000e+02 1.133157019725348107e+02
3.470000000000000000e+02 1.129331362848990494e+02
3.480000000000000000e+02 1.125390400679634553e+02
3.490000000000000000e+02 1.121411676632958461e+02
3.500000000000000000e+02 1.117485795038075622e+02
3.510000000000000000e+02 1.113502536389158735e+02
3.520000000000000000e+02 1.109391918469129621e+02
3.530000000000000000e+02 1.105385179986227797e+02
3.540000000000000000e+02 1.101339560969238107e+02
3.550000000000000000e+02 1.097307563836220368e+02
3.560000000000000000e+02 1.093188973034345537e+02
3.570000000000000000e+02 1.089010281040307575e+02
3.580000000000000000e+02 1.084579859758703577e+02
3.590000000000000000e+02 1.080451103235208308e+02
3.600000000000000000e+02 1.075943097952863354e+02
3.610000000000000000e+02 1.071610620344775526e+02
3.620000000000000000e+02 1.067370513009806814e+02
3.630000000000000000e+02 1.062971457423131767e+02
3.640000000000000000e+02 1.058521786915001286e+02
3.650000000000000000e+02 1.054127483203516533e+02
3.660000000000000000e+02 1.049546478017984299e+02
3.670000000000000000e+02 1.045150292458254029e+02
3.680000000000000000e+02 1.040368191206281239e+02
3.690000000000000000e+02 1.035605048698622994e+02
3.700000000000000000e+02 1.030971993518064096e+02
3.710000000000000000e+02 1.026260043311434060e+02
3.720000000000000000e+02 1.021517575151863042e+02
3.730000000000000000e+02 1.016810462363612970e+02
3.740000000000000000e+02 1.011995582533366047e+02
3.750000000000000000e+02 1.007124218781487599e+02
3.760000000000000000e+02 1.002181009676005914e+02
3.770000000000000000e+02 9.971877286243173444e+01
3.780000000000000000e+02 9.920288013040047304e+01
3.790000000000000000e+02 9.869363132888580026e+01
3.800000000000000000e+02 9.820269147315079294e+01
3.810000000000000000e+02 9.770692989785383986e+01
3.820000000000000000e+02 9.719431280506101700e+01
3.830000000000000000e+02 9.668733591087132595e+01
3.840000000000000000e+02 9.616764589235695837e+01
3.850000000000000000e+02 9.565636756036664679e+01
3.860000000000000000e+02 9.513064293433433249e+01
3.870000000000000000e+02 9.459183059438443308e+01
3.880000000000000000e+02 9.405315697660270757e+01
3.890000000000000000e+02 9.352285351800065882e+01
3.900000000000000000e+02 9.297756035380726303e+01
3.910000000000000000e+02 9.243433420240604903e+01
3.920000000000000000e+02 9.189138969791150657e+01
3.930000000000000000e+02 9.133975191529292204e+01
3.940000000000000000e+02 9.077365596814314586e+01
3.950000000000000000e+02 9.021408872483867469e+01
3.960000000000000000e+02 8.964455431370311089e+01
3.970000000000000000e+02 8.907016893353606690e+01
3.980000000000000000e+02 8.849160806185930994e+01
3.990000000000000000e+02 8.791318413814722987e+01
4.000000000000000000e+02 8.734430520194300129e+01
4.010000000000000000e+02 8.677116813274962226e+01
4.020000000000000000e+02 8.618235828544811739e+01
4.030000000000000000e+02 8.558859405492106021e+01
4.040000000000000000e+02 8.498750477645963031e+01
4.050000000000000000e+02 8.437187894914424646e+01
4.060000000000000000e+02 8.376179524223012152e+01
4.070000000000000000e+02 8.315229778346376577e+01
4.080000000000000000e+02 8.255706893728904561e+01
4.090000000000000000e+02 8.194384385077466959e+01
4.100000000000000000e+02 8.133341715571943098e+01
4.110000000000000000e+02 8.070810261889729986e+01
4.120000000000000000e+02 8.007525178332669213e+01
4.130000000000000000e+02 7.944035984374187365e+01
4.140000000000000000e+02 7.880971990459352128e+01
4.150000000000000000e+02 7.816414588923393580e+01
4.160000000000000000e+02 7.751631905150986768e+01
4.170000000000000000e+02 7.688193302773046867e+01
4.180000000000000000e+02 7.624362986647741991e+01
4.190000000000000000e+02 7.560260802391030666e+01
4.200000000000000000e+02 7.496159814419974055e+01
4.210000000000000000e+02 7.430585156249051693e+01
4.220000000000000000e+02 7.365626054177562310e+01
4.230000000000000000e+02 7.300061081623806558e+01
4.240000000000000000e+02 7.233235679256709716e+01
4.250000000000000000e+02 7.167462180554105089e+01
4.260000000000000000e+02 7.100141856859529810e+01
4.270000000000000000e+02 7.032317865105595445e+01
4.280000000000000000e+02 6.964586324942804652e+01
4.290000000000000000e+02 6.896748087924453330e+01
4.300000000000000000e+02 6.828899383759953423e+01
4.310000000000000000e+02 6.760064214736107147e+01
4.320000000000000000e+02 6.689862044526354623e+01
4.330000000000000000e+02 6.620162848965405544e+01
4.340000000000000000e+02 6.550424882371019919e+01
4.350000000000000000e+02 6.480319697787770394e+01
4.360000000000000000e+02 6.410936404286326251e+01
4.370000000000000000e+02 6.340451098056167467e+01
4.380000000000000000e+02 6.268765290806322099e+01
4.390000000000000000e+02 6.196180432326332976e+01
4.400000000000000000e+02 6.124989636289954831e+01
4.410000000000000000e+02 6.052171165885624049e+01
4.420000000000000000e+02 5.979941768487151421e+01
4.430000000000000000e+02 5.906885961675067165e+01
4.440000000000000000e+02 5.832025683421431950e+01
4.450000000000000000e+02 5.758554017280798831e+01
4.460000000000000000e+02 5.683483710662872568e+01
4.470000000000000000e+02 5.609073003704301641e+01
4.480000000000000000e+02 5.534451751425873312e+01
4.490000000000000000e+02 5.460578839372822557e+01
4.500000000000000000e+02 5.385144041441619578e+01
4.510000000000000000e+02 5.309709991759933700e+01
4.520000000000000000e+02 5.232800801113974387e+01
4.530000000000000000e+02 5.155855106632998286e+01
4.540000000000000000e+02 5.078447797620245296e+01
4.550000000000000000e+02 5.001895747827956029e+01
4.560000000000000000e+02 4.925236453297698347e+01
4.570000000000000000e+02 4.848447682921666058e+01
4.580000000000000000e+02 4.771156467446460425e+01
4.590000000000000000e+02 4.691772017647832627e+01
4.600000000000000000e+02 4.612663863554480770e+01
4.610000000000000000e+02 4.533618510695283987e+01
4.620000000000000000e+02 4.454868150332035981e+01
4.630000000000000000e+02 4.375083304397092832e+01
4.640000000000000000e+02 4.294842440096051916e+01
4.650000000000000000e+02 4.214090446995953698e+01
4.660000000000000000e+02 4.133508280684362290e+01
4.670000000000000000e+02 4.051662673683983229e+01
4.680000000000000000e+02 3.969346389133994535e+01
4.690000000000000000e+02 3.887965660124727663e+01
4.700000000000000000e+02 3.804728190478547134e+01
4.710000000000000000e+02 3.722141133470888263e+01
4.720000000000000000e+02 3.639219114284954770e+01
4.730000000000000000e+02 3.555953242715703766e+01
4.740000000000000000e+02 3.472026340523647292e+01
4.750000000000000000e+02 3.387503036628140762e+01
4.760000000000000000e+02 3.302991635290149475e+01
4.770000000000000000e+02 3.217645624166252816e+01
4.780000000000000000e+02 3.132648852600927114e+01
4.790000000000000000e+02 3.046509958297956544e+01
4.800000000000000000e+02 2.960577649197009720e+01
4.810000000000000000e+02 2.874303345954562872e+01
4.820000000000000000e+02 2.788025550783108031e+01
4.830000000000000000e+02 2.701861254755277031e+01
4.840000000000000000e+02 2.614125956632561198e+01
4.850000000000000000e+02 2.525873274939121771e+01
4.860000000000000000e+02 2.438180900470522872e+01
4.870000000000000000e+02 2.350105819357336046e+01
4.880000000000000000e+02 2.261867579064362133e+01
4.890000000000000000e+02 2.172119251329527501e+01
4.900000000000000000e+02 2.081518175351261846e+01
4.910000000000000000e+02 1.990539813145630532e+01
4.920000000000000000e+02 1.900501264513261646e+01
4.930000000000000000e+02 1.809550316634402733e+01
4.940000000000000000e+02 1.718764476016596632e+01
4.950000000000000000e+02 1.627465849607074233e+01
4.960000000000000000e+02 1.535275781235787385e+01
4.970000000000000000e+02 1.442600563162164917e+01
4.980000000000000000e+02 1.349100864677545530e+01
4.990000000000000000e+02 1.256035220950906428e+01
5.000000000000000000e+02 1.162151226337107879e+01
5.010000000000000000e+02 1.067910495820258809e+01
5.020000000000000000e+02 9.730611642503415482e+00
5.030000000000000000e+02 8.781411683824281056e+00
5.040000000000000000e+02 7.817977291932566963e+00
5.050000000000000000e+02 6.857081724990069738e+00
5.060000000000000000e+02 5.888883131660424652e+00
5.070000000000000000e+02 4.919699244541984484e+00
5.080000000000000000e+02 3.943625948842056417e+00
5.090000000000000000e+02 2.965579660670230933e+00
5.100000000000000000e+02 1.983594101816020583e+00
5.110000000000000000e+02 9.949158660823700373e-01
