0.000000000000000000e+00 8.041968628886808981e-03
0.000000000000000000e+00 1.320614388068202735e-02
0.000000000000000000e+00 1.737236146236462511e-02
0.000000000000000000e+00 2.458616137017815770e-02
0.000000000000000000e+00 3.239120694251620275e-02
0.000000000000000000e+00 3.659779077009280707e-02
0.000000000000000000e+00 4.171176633099635267e-02
0.000000000000000000e+00 4.476791704424950419e-02
0.000000000000000000e+00 4.553371337012408759e-02
0.000000000000000000e+00 4.671152344267737178e-02
0.000000000000000000e+00 5.171033417478718835e-02
0.000000000000000000e+00 5.562978107780248982e-02
0.000000000000000000e+00 6.420861032027201654e-02
0.000000000000000000e+00 6.642348217686928902e-02
0.000000000000000000e+00 6.390951324405806655e-02
0.000000000000000000e+00 6.850766262186135103e-02
0.000000000000000000e+00 7.184984298622190679e-02
0.000000000000000000e+00 7.060127683082935424e-02
0.000000000000000000e+00 7.477410230586871431e-02
0.000000000000000000e+00 8.398458639014574900e-02
0.000000000000000000e+00 8.642699868228367888e-02
0.000000000000000000e+00 8.641283183992815031e-02
0.000000000000000000e+00 8.658822975328374361e-02
0.000000000000000000e+00 8.947740222170251501e-02
0.000000000000000000e+00 9.439060384219101485e-02
0.000000000000000000e+00 9.835595554937187623e-02
0.000000000000000000e+00 1.023388948597781928e-01
0.000000000000000000e+00 1.034503933217969657e-01
0.000000000000000000e+00 1.036169976558283107e-01
0.000000000000000000e+00 1.038576585589181950e-01
0.000000000000000000e+00 1.112693213988490692e-01
0.000000000000000000e+00 1.192740134193418788e-01
0.000000000000000000e+00 1.178789932163756965e-01
0.000000000000000000e+00 1.181878132423369449e-01
0.000000000000000000e+00 1.152616549145463049e-01
0.000000000000000000e+00 1.102004929841908371e-01
0.000000000000000000e+00 1.122558286562782143e-01
0.000000000000000000e+00 1.129057239391901973e-01
0.000000000000000000e+00 1.184618630107148324e-01
0.000000000000000000e+00 1.253679577391316746e-01
0.000000000000000000e+00 1.295529947217814726e-01
0.000000000000000000e+00 1.337447610332662129e-01
0.000000000000000000e+00 1.401095370221732417e-01
0.000000000000000000e+00 1.453316161089002745e-01
0.000000000000000000e+00 1.500717266528641403e-01
0.000000000000000000e+00 1.532871472831856818e-01
0.000000000000000000e+00 1.574359891635067343e-01
0.000000000000000000e+00 1.538174883617067779e-01
0.000000000000000000e+00 1.526415049583033368e-01
0.000000000000000000e+00 1.509445411689502858e-01
0.000000000000000000e+00 1.517260526025460965e-01
0.000000000000000000e+00 1.511439922121391166e-01
0.000000000000000000e+00 1.524016731894460575e-01
0.000000000000000000e+00 1.519324079831507190e-01
0.000000000000000000e+00 1.563865726907097131e-01
0.000000000000000000e+00 1.609729853768381014e-01
0.000000000000000000e+00 1.630712227697627414e-01
0.000000000000000000e+00 1.645643182952220007e-01
0.000000000000000000e+00 1.689615758319766015e-01
0.000000000000000000e+00 1.721059753049462016e-01
0.000000000000000000e+00 1.756623839918621810e-01
0.000000000000000000e+00 1.775751952568358494e-01
0.000000000000000000e+00 1.745702263183351310e-01
0.000000000000000000e+00 1.749325982002129243e-01
0.000000000000000000e+00 1.688474922809846679e-01
0.000000000000000000e+00 1.672081804296750573e-01
0.000000000000000000e+00 1.638390930775464049e-01
0.000000000000000000e+00 1.636169974160761043e-01
0.000000000000000000e+00 1.590831646666292787e-01
0.000000000000000000e+00 1.599359225094821313e-01
0.000000000000000000e+00 1.576455861045394091e-01
0.000000000000000000e+00 1.593561694763504510e-01
0.000000000000000000e+00 1.571987925827015298e-01
0.000000000000000000e+00 1.577075438664450047e-01
0.000000000000000000e+00 1.604078615658003915e-01
0.000000000000000000e+00 1.580232527610092585e-01
0.000000000000000000e+00 1.606874786504904618e-01
0.000000000000000000e+00 1.621167414709176191e-01
0.000000000000000000e+00 1.610791988713412004e-01
0.000000000000000000e+00 1.600590110141210942e-01
0.000000000000000000e+00 1.607065038667621348e-01
0.000000000000000000e+00 1.641355051246540242e-01
0.000000000000000000e+00 1.691366790550982158e-01
0.000000000000000000e+00 1.684831928682679059e-01
0.000000000000000000e+00 1.694901292898298439e-01
0.000000000000000000e+00 1.684495052728776365e-01
0.000000000000000000e+00 1.690769524728573392e-01
0.000000000000000000e+00 1.673615816594740680e-01
0.000000000000000000e+00 1.659609224573627417e-01
0.000000000000000000e+00 1.693592087921540756e-01
0.000000000000000000e+00 1.736056980431667784e-01
0.000000000000000000e+00 1.725775065090077720e-01
0.000000000000000000e+00 1.695433273997871138e-01
0.000000000000000000e+00 1.718628193463766496e-01
0.000000000000000000e+00 1.692068502402362673e-01
0.000000000000000000e+00 1.674178537516428367e-01
0.000000000000000000e+00 1.692323389198415740e-01
0.000000000000000000e+00 1.709383801376739564e-01
0.000000000000000000e+00 1.757170500497909627e-01
0.000000000000000000e+00 1.800953595789055450e-01
0.000000000000000000e+00 1.801655780782157046e-01
0.000000000000000000e+00 1.779717449405952834e-01
0.000000000000000000e+00 1.773428598320487548e-01
0.000000000000000000e+00 1.750306559271193052e-01
0.000000000000000000e+00 1.692112691124475488e-01
0.000000000000000000e+00 1.684965515814068615e-01
0.000000000000000000e+00 1.688287673335458761e-01
0.000000000000000000e+00 1.627564940227843315e-01
0.000000000000000000e+00 1.649215475123713692e-01
0.000000000000000000e+00 1.647683849238649745e-01
0.000000000000000000e+00 1.658769542475680148e-01
0.000000000000000000e+00 1.711012706886884949e-01
0.000000000000000000e+00 1.753101470542620388e-01
0.000000000000000000e+00 1.764405884653266199e-01
0.000000000000000000e+00 1.741346661578876964e-01
0.000000000000000000e+00 1.731815489316335666e-01
0.000000000000000000e+00 1.698214774295493112e-01
0.000000000000000000e+00 1.596258821033465503e-01
0.000000000000000000e+00 1.544646116483615050e-01
0.000000000000000000e+00 1.534046723870387818e-01
0.000000000000000000e+00 1.533802763385896106e-01
0.000000000000000000e+00 1.534002470100070403e-01
0.000000000000000000e+00 1.545645482278066030e-01
0.000000000000000000e+00 1.533839396005031996e-01
0.000000000000000000e+00 1.545803722215852716e-01
0.000000000000000000e+00 1.514584843674663672e-01
0.000000000000000000e+00 1.509175379251141702e-01
0.000000000000000000e+00 1.503503481739687231e-01
0.000000000000000000e+00 1.495434818115719822e-01
0.000000000000000000e+00 1.494353223707362566e-01
0.000000000000000000e+00 1.436660179849397201e-01
0.000000000000000000e+00 1.431152916923916496e-01
0.000000000000000000e+00 1.470145541444082826e-01
0.000000000000000000e+00 1.511316901068970597e-01
0.000000000000000000e+00 1.511144955264896450e-01
0.000000000000000000e+00 1.540759027332061493e-01
0.000000000000000000e+00 1.576593187187466938e-01
0.000000000000000000e+00 1.574635149176934756e-01
0.000000000000000000e+00 1.583531101620385961e-01
0.000000000000000000e+00 1.562490415299397639e-01
0.000000000000000000e+00 1.589898904164843141e-01
0.000000000000000000e+00 1.586215056771094201e-01
0.000000000000000000e+00 1.586667139932626258e-01
0.000000000000000000e+00 1.615662135246902220e-01
0.000000000000000000e+00 1.576698633759102963e-01
0.000000000000000000e+00 1.603234263108821445e-01
0.000000000000000000e+00 1.591769629308005252e-01
0.000000000000000000e+00 1.555364131115202775e-01
0.000000000000000000e+00 1.568608674693293681e-01
0.000000000000000000e+00 1.583000251390445090e-01
0.000000000000000000e+00 1.579054711085950413e-01
0.000000000000000000e+00 1.599339354424535453e-01
0.000000000000000000e+00 1.569245948169031013e-01
0.000000000000000000e+00 1.594254165983196025e-01
0.000000000000000000e+00 1.494408348558589339e-01
0.000000000000000000e+00 1.487394553069087966e-01
0.000000000000000000e+00 1.482007732711450310e-01
0.000000000000000000e+00 1.511096618790179480e-01
0.000000000000000000e+00 1.540457228445147320e-01
0.000000000000000000e+00 1.520270053985311731e-01
0.000000000000000000e+00 1.498839383073660436e-01
0.000000000000000000e+00 1.485635507424533930e-01
0.000000000000000000e+00 1.424961670493312960e-01
0.000000000000000000e+00 1.418701804309699666e-01
0.000000000000000000e+00 1.354802939117894234e-01
0.000000000000000000e+00 1.335152392735787508e-01
0.000000000000000000e+00 1.359232936659492130e-01
0.000000000000000000e+00 1.438067591626287500e-01
0.000000000000000000e+00 1.442847488749817164e-01
0.000000000000000000e+00 1.432606006747656480e-01
0.000000000000000000e+00 1.424410431350615625e-01
0.000000000000000000e+00 1.393846167053637841e-01
0.000000000000000000e+00 1.426288334635907873e-01
0.000000000000000000e+00 1.487800993212922973e-01
0.000000000000000000e+00 1.522546416138741421e-01
0.000000000000000000e+00 1.541587523072887322e-01
0.000000000000000000e+00 1.509785184737387764e-01
0.000000000000000000e+00 1.529462512890426285e-01
0.000000000000000000e+00 1.568679649179282598e-01
0.000000000000000000e+00 1.561343977378770731e-01
0.000000000000000000e+00 1.555577343377151367e-01
0.000000000000000000e+00 1.560218967612709839e-01
0.000000000000000000e+00 1.578433070258198623e-01
0.000000000000000000e+00 1.594081006736184081e-01
0.000000000000000000e+00 1.549680333265198162e-01
0.000000000000000000e+00 1.550262534428321903e-01
0.000000000000000000e+00 1.542801948677484103e-01
0.000000000000000000e+00 1.490395577077036349e-01
0.000000000000000000e+00 1.447899109276985230e-01
0.000000000000000000e+00 1.465715346503670968e-01
0.000000000000000000e+00 1.434593138639398413e-01
0.000000000000000000e+00 1.434053611700656927e-01
0.000000000000000000e+00 1.455438253747275146e-01
0.000000000000000000e+00 1.468634451736719748e-01
0.000000000000000000e+00 1.441243853644924855e-01
0.000000000000000000e+00 1.478590384137954128e-01
0.000000000000000000e+00 1.451237628555888948e-01
0.000000000000000000e+00 1.418148642802183890e-01
0.000000000000000000e+00 1.433119690151073433e-01
0.000000000000000000e+00 1.348004755556309886e-01
0.000000000000000000e+00 1.359180862277971358e-01
0.000000000000000000e+00 1.324466439563103948e-01
0.000000000000000000e+00 1.326436926839760777e-01
0.000000000000000000e+00 1.365211641608612692e-01
0.000000000000000000e+00 1.338062578003213487e-01
0.000000000000000000e+00 1.331144490992121066e-01
0.000000000000000000e+00 1.314906072077582921e-01
0.000000000000000000e+00 1.320148312645965105e-01
0.000000000000000000e+00 1.267080951594710125e-01
0.000000000000000000e+00 1.234426773279573009e-01
0.000000000000000000e+00 1.246088157393632351e-01
0.000000000000000000e+00 1.211715801230393019e-01
0.000000000000000000e+00 1.240474898689831740e-01
0.000000000000000000e+00 1.240567372162170723e-01
0.000000000000000000e+00 1.211110017208767708e-01
0.000000000000000000e+00 1.219457854302919697e-01
0.000000000000000000e+00 1.259414386141718689e-01
0.000000000000000000e+00 1.259958439782775108e-01
0.000000000000000000e+00 1.272690583155605959e-01
0.000000000000000000e+00 1.221769624917847380e-01
0.000000000000000000e+00 1.194859251350226942e-01
0.000000000000000000e+00 1.240825373937839010e-01
0.000000000000000000e+00 1.207005043533196514e-01
0.000000000000000000e+00 1.217384392794345072e-01
0.000000000000000000e+00 1.221472924582077957e-01
0.000000000000000000e+00 1.218279444426986907e-01
0.000000000000000000e+00 1.206254464075361132e-01
0.000000000000000000e+00 1.223193882874457628e-01
0.000000000000000000e+00 1.206979239315905394e-01
0.000000000000000000e+00 1.221966903180546765e-01
0.000000000000000000e+00 1.239252300040296767e-01
0.000000000000000000e+00 1.280621542043097472e-01
0.000000000000000000e+00 1.288182339496901363e-01
0.000000000000000000e+00 1.278855212443261169e-01
0.000000000000000000e+00 1.322042085103677100e-01
0.000000000000000000e+00 1.266527973106791050e-01
0.000000000000000000e+00 1.289391590066013282e-01
0.000000000000000000e+00 1.311019339558868180e-01
0.000000000000000000e+00 1.293443607436468301e-01
0.000000000000000000e+00 1.317973550406171257e-01
0.000000000000000000e+00 1.323585238230688688e-01
0.000000000000000000e+00 1.311507424180395343e-01
0.000000000000000000e+00 1.353668617385655193e-01
0.000000000000000000e+00 1.317340376947257474e-01
0.000000000000000000e+00 1.316545325692736468e-01
0.000000000000000000e+00 1.315280229142868906e-01
0.000000000000000000e+00 1.333144660763832534e-01
0.000000000000000000e+00 1.328899381018805725e-01
0.000000000000000000e+00 1.326449537195069639e-01
0.000000000000000000e+00 1.349409030491372785e-01
0.000000000000000000e+00 1.337899506819911766e-01
0.000000000000000000e+00 1.293202562763404451e-01
0.000000000000000000e+00 1.289690961611147102e-01
0.000000000000000000e+00 1.295940228431368413e-01
0.000000000000000000e+00 1.338170200599204385e-01
0.000000000000000000e+00 1.303439770516856278e-01
0.000000000000000000e+00 1.275640344855431541e-01
0.000000000000000000e+00 1.222672167522894926e-01
0.000000000000000000e+00 1.218400042225484953e-01
0.000000000000000000e+00 1.239452763433171456e-01
0.000000000000000000e+00 1.236543020191836484e-01
0.000000000000000000e+00 1.184688137883942033e-01
0.000000000000000000e+00 1.151448534356899617e-01
0.000000000000000000e+00 1.180517485734228350e-01
0.000000000000000000e+00 1.185624184100322193e-01
0.000000000000000000e+00 1.233381856267657395e-01
0.000000000000000000e+00 1.233729374000864243e-01
0.000000000000000000e+00 1.237918389309115574e-01
0.000000000000000000e+00 1.294389729240208453e-01
0.000000000000000000e+00 1.297041195068302510e-01
0.000000000000000000e+00 1.300631552262455637e-01
0.000000000000000000e+00 1.295833804886015184e-01
0.000000000000000000e+00 1.247144537338821940e-01
0.000000000000000000e+00 1.269285669112594772e-01
0.000000000000000000e+00 1.303672600353266431e-01
0.000000000000000000e+00 1.305692212778911399e-01
0.000000000000000000e+00 1.283283044331858525e-01
0.000000000000000000e+00 1.270064670559164222e-01
0.000000000000000000e+00 1.255878110700883454e-01
0.000000000000000000e+00 1.266945838844645289e-01
0.000000000000000000e+00 1.270810454845394399e-01
0.000000000000000000e+00 1.262583894130372419e-01
0.000000000000000000e+00 1.268416149685195893e-01
0.000000000000000000e+00 1.316649519305881366e-01
0.000000000000000000e+00 1.263176705223725826e-01
0.000000000000000000e+00 1.213233547335276358e-01
0.000000000000000000e+00 1.265750546861887649e-01
0.000000000000000000e+00 1.301896137065449433e-01
0.000000000000000000e+00 1.310821533442116382e-01
0.000000000000000000e+00 1.311851908731294369e-01
0.000000000000000000e+00 1.331216158484428425e-01
0.000000000000000000e+00 1.335290932690403609e-01
0.000000000000000000e+00 1.370656116277589875e-01
0.000000000000000000e+00 1.363039996753599992e-01
0.000000000000000000e+00 1.397635292201992174e-01
0.000000000000000000e+00 1.369833211163084263e-01
0.000000000000000000e+00 1.358366213581027881e-01
0.000000000000000000e+00 1.421511944476457068e-01
0.000000000000000000e+00 1.416246811123470783e-01
0.000000000000000000e+00 1.392367868889743954e-01
0.000000000000000000e+00 1.418014890866736710e-01
0.000000000000000000e+00 1.432277921903481466e-01
0.000000000000000000e+00 1.387093630530269739e-01
0.000000000000000000e+00 1.427316056489895124e-01
0.000000000000000000e+00 1.418310055279724258e-01
0.000000000000000000e+00 1.427662937522577447e-01
0.000000000000000000e+00 1.448320933350095707e-01
0.000000000000000000e+00 1.447620736403420205e-01
0.000000000000000000e+00 1.466387841762309963e-01
0.000000000000000000e+00 1.483617437823744889e-01
0.000000000000000000e+00 1.448420560704086479e-01
0.000000000000000000e+00 1.482559352509908168e-01
0.000000000000000000e+00 1.506679631496303517e-01
0.000000000000000000e+00 1.533106492325833625e-01
0.000000000000000000e+00 1.530086998731282621e-01
0.000000000000000000e+00 1.548113979909863935e-01
0.000000000000000000e+00 1.559224247954683062e-01
0.000000000000000000e+00 1.552429242369128826e-01
0.000000000000000000e+00 1.488904983551510297e-01
0.000000000000000000e+00 1.480051765181574497e-01
0.000000000000000000e+00 1.459682993514932470e-01
0.000000000000000000e+00 1.499220039987416708e-01
0.000000000000000000e+00 1.499381169971380767e-01
0.000000000000000000e+00 1.441392571976378989e-01
0.000000000000000000e+00 1.453372528480363635e-01
0.000000000000000000e+00 1.472450471608950373e-01
0.000000000000000000e+00 1.441421311681329864e-01
0.000000000000000000e+00 1.405671761573012157e-01
0.000000000000000000e+00 1.424521467283108300e-01
0.000000000000000000e+00 1.436432406262098394e-01
0.000000000000000000e+00 1.444488983816725192e-01
0.000000000000000000e+00 1.407673365652084840e-01
0.000000000000000000e+00 1.401059339866711217e-01
0.000000000000000000e+00 1.403518885956157036e-01
0.000000000000000000e+00 1.429192533206495863e-01
0.000000000000000000e+00 1.407385308534570278e-01
0.000000000000000000e+00 1.431305492327747952e-01
0.000000000000000000e+00 1.419556040692066812e-01
0.000000000000000000e+00 1.410074618461363005e-01
0.000000000000000000e+00 1.375046107163354903e-01
0.000000000000000000e+00 1.393693983197526187e-01
0.000000000000000000e+00 1.382254086894454115e-01
0.000000000000000000e+00 1.366498610477772102e-01
0.000000000000000000e+00 1.418001697270726558e-01
0.000000000000000000e+00 1.420375759997817844e-01
0.000000000000000000e+00 1.396867482776628644e-01
0.000000000000000000e+00 1.430538227163763720e-01
0.000000000000000000e+00 1.470819253339253063e-01
0.000000000000000000e+00 1.465777481072219612e-01
0.000000000000000000e+00 1.469349798680874841e-01
0.000000000000000000e+00 1.479059442806622549e-01
0.000000000000000000e+00 1.518781257699713116e-01
0.000000000000000000e+00 1.555911937477761076e-01
0.000000000000000000e+00 1.553779693290526787e-01
0.000000000000000000e+00 1.548267380681344896e-01
0.000000000000000000e+00 1.557189722599792436e-01
0.000000000000000000e+00 1.534155357499404626e-01
0.000000000000000000e+00 1.532249252772997783e-01
0.000000000000000000e+00 1.514195724057217363e-01
0.000000000000000000e+00 1.477744559570577931e-01
0.000000000000000000e+00 1.468646991707296956e-01
0.000000000000000000e+00 1.475894146831829568e-01
0.000000000000000000e+00 1.458883615804703326e-01
0.000000000000000000e+00 1.433072159741037299e-01
0.000000000000000000e+00 1.421679209519566001e-01
0.000000000000000000e+00 1.427548149101640074e-01
0.000000000000000000e+00 1.421035963660093604e-01
0.000000000000000000e+00 1.407455138415154849e-01
0.000000000000000000e+00 1.383307195809435342e-01
0.000000000000000000e+00 1.348024341162901707e-01
0.000000000000000000e+00 1.377312415078053853e-01
0.000000000000000000e+00 1.390668033808232507e-01
0.000000000000000000e+00 1.384677722847982850e-01
0.000000000000000000e+00 1.402144475372121002e-01
0.000000000000000000e+00 1.375704457347242393e-01
0.000000000000000000e+00 1.346642994125551995e-01
0.000000000000000000e+00 1.324734690203333010e-01
0.000000000000000000e+00 1.290301661103180897e-01
0.000000000000000000e+00 1.286247164842946877e-01
0.000000000000000000e+00 1.298286917079290725e-01
0.000000000000000000e+00 1.300652115187057589e-01
0.000000000000000000e+00 1.356278282393096335e-01
0.000000000000000000e+00 1.421107192336653335e-01
0.000000000000000000e+00 1.408350294326709828e-01
0.000000000000000000e+00 1.446609491405819181e-01
0.000000000000000000e+00 1.456186369724618290e-01
0.000000000000000000e+00 1.488715687431426127e-01
0.000000000000000000e+00 1.548260573144399077e-01
0.000000000000000000e+00 1.574145382529506254e-01
0.000000000000000000e+00 1.569091789348008581e-01
0.000000000000000000e+00 1.576120122503287257e-01
0.000000000000000000e+00 1.538892269168297688e-01
0.000000000000000000e+00 1.547037358799353002e-01
0.000000000000000000e+00 1.503702486685736528e-01
0.000000000000000000e+00 1.464768409960743589e-01
0.000000000000000000e+00 1.457626199931402466e-01
0.000000000000000000e+00 1.473942344801306703e-01
0.000000000000000000e+00 1.508996885134470667e-01
0.000000000000000000e+00 1.553218515193553195e-01
0.000000000000000000e+00 1.540781544435846639e-01
0.000000000000000000e+00 1.536938244117736219e-01
0.000000000000000000e+00 1.552778379146293741e-01
0.000000000000000000e+00 1.539987368453694661e-01
0.000000000000000000e+00 1.588322909160038432e-01
0.000000000000000000e+00 1.525506693910813061e-01
0.000000000000000000e+00 1.470131429065191231e-01
0.000000000000000000e+00 1.418990466474104595e-01
0.000000000000000000e+00 1.435540484984253184e-01
0.000000000000000000e+00 1.400418051546280518e-01
0.000000000000000000e+00 1.352318633396654701e-01
0.000000000000000000e+00 1.336188426208463897e-01
0.000000000000000000e+00 1.358215614105468816e-01
0.000000000000000000e+00 1.349200029200431361e-01
0.000000000000000000e+00 1.298322897482357963e-01
0.000000000000000000e+00 1.327632018951158954e-01
0.000000000000000000e+00 1.318582549650391955e-01
0.000000000000000000e+00 1.324864488720652045e-01
0.000000000000000000e+00 1.338417579781455702e-01
0.000000000000000000e+00 1.311980645704246828e-01
0.000000000000000000e+00 1.292080817223810463e-01
0.000000000000000000e+00 1.255523872734208013e-01
0.000000000000000000e+00 1.261543847256766382e-01
0.000000000000000000e+00 1.295249684804462564e-01
0.000000000000000000e+00 1.298182385786010307e-01
0.000000000000000000e+00 1.297001266460502678e-01
0.000000000000000000e+00 1.237980475099373506e-01
0.000000000000000000e+00 1.181105311866341712e-01
0.000000000000000000e+00 1.140246944293785564e-01
0.000000000000000000e+00 1.158803043645439124e-01
0.000000000000000000e+00 1.196419748771876540e-01
0.000000000000000000e+00 1.226535390187265401e-01
0.000000000000000000e+00 1.203315526888220771e-01
0.000000000000000000e+00 1.186926795939257789e-01
0.000000000000000000e+00 1.188762011457004247e-01
0.000000000000000000e+00 1.147193437072951544e-01
0.000000000000000000e+00 1.128785453730346278e-01
0.000000000000000000e+00 1.107130142656573557e-01
0.000000000000000000e+00 1.138715788187535521e-01
0.000000000000000000e+00 1.203628741473004582e-01
0.000000000000000000e+00 1.176853724495625919e-01
0.000000000000000000e+00 1.142591814488021495e-01
0.000000000000000000e+00 1.184336130245874502e-01
0.000000000000000000e+00 1.138517043603993750e-01
0.000000000000000000e+00 1.207349641672904039e-01
0.000000000000000000e+00 1.214042866380952573e-01
0.000000000000000000e+00 1.143502630198287295e-01
0.000000000000000000e+00 1.120392545123444494e-01
0.000000000000000000e+00 1.128349716093070554e-01
0.000000000000000000e+00 1.143347183101433850e-01
0.000000000000000000e+00 1.139646189370251278e-01
0.000000000000000000e+00 1.147863262136947365e-01
0.000000000000000000e+00 1.170558501194018802e-01
0.000000000000000000e+00 1.249830415378328508e-01
0.000000000000000000e+00 1.215178624199129975e-01
0.000000000000000000e+00 1.211266483205134248e-01
0.000000000000000000e+00 1.220387577008476970e-01
0.000000000000000000e+00 1.220248553098951805e-01
0.000000000000000000e+00 1.192803840693241607e-01
0.000000000000000000e+00 1.189476722117498858e-01
0.000000000000000000e+00 1.229963361944354377e-01
0.000000000000000000e+00 1.236677757558164725e-01
0.000000000000000000e+00 1.256533153027327987e-01
0.000000000000000000e+00 1.283719286973735718e-01
0.000000000000000000e+00 1.283645612643914136e-01
0.000000000000000000e+00 1.300538889604580806e-01
0.000000000000000000e+00 1.243530720827849823e-01
0.000000000000000000e+00 1.257368453868039637e-01
0.000000000000000000e+00 1.257981891500815352e-01
0.000000000000000000e+00 1.299975194570725523e-01
0.000000000000000000e+00 1.271144543367476454e-01
0.000000000000000000e+00 1.259600538186416707e-01
0.000000000000000000e+00 1.197535696581217141e-01
0.000000000000000000e+00 1.139883321206405647e-01
0.000000000000000000e+00 1.201177349273829520e-01
0.000000000000000000e+00 1.229497178836013588e-01
0.000000000000000000e+00 1.250462179765144122e-01
0.000000000000000000e+00 1.253236178069553064e-01
0.000000000000000000e+00 1.263894191147845736e-01
0.000000000000000000e+00 1.256740548460586471e-01
0.000000000000000000e+00 1.294383833075934409e-01
0.000000000000000000e+00 1.271099142003679627e-01
0.000000000000000000e+00 1.248939933143371900e-01
0.000000000000000000e+00 1.190216582515248034e-01
0.000000000000000000e+00 1.190849541951661678e-01
0.000000000000000000e+00 1.151415108029716222e-01
0.000000000000000000e+00 1.109342934368961336e-01
0.000000000000000000e+00 1.085699178776891177e-01
0.000000000000000000e+00 1.067919724784553298e-01
0.000000000000000000e+00 1.035294080270602601e-01
0.000000000000000000e+00 9.508472808138920818e-02
0.000000000000000000e+00 9.685533253013958732e-02
0.000000000000000000e+00 9.613099940698077717e-02
0.000000000000000000e+00 9.026125307174306944e-02
0.000000000000000000e+00 8.653692892959212457e-02
0.000000000000000000e+00 8.348300833719682346e-02
0.000000000000000000e+00 7.600320874477231592e-02
0.000000000000000000e+00 7.670555755340166537e-02
0.000000000000000000e+00 7.032454881831934346e-02
0.000000000000000000e+00 6.852149999256414159e-02
0.000000000000000000e+00 6.688923980948585646e-02
0.000000000000000000e+00 5.965320306053797234e-02
0.000000000000000000e+00 5.639504419484188402e-02
0.000000000000000000e+00 4.613593233580599168e-02
0.000000000000000000e+00 4.136573659223310995e-02
0.000000000000000000e+00 3.828201431727080994e-02
0.000000000000000000e+00 3.350235381934273809e-02
0.000000000000000000e+00 2.680539708804421245e-02
0.000000000000000000e+00 2.126744111116184513e-02
0.000000000000000000e+00 1.556649281791167884e-02
0.000000000000000000e+00 1.147082488365655864e-02
0.000000000000000000e+00 6.385124758125383486e-03
