0.000000000000000000e+00 6.115440453897655337e-03
0.000000000000000000e+00 9.425933218088895088e-03
0.000000000000000000e+00 1.339269013506641688e-02
0.000000000000000000e+00 1.789558838456408590e-02
0.000000000000000000e+00 2.156177188136890188e-02
0.000000000000000000e+00 2.662307539470998297e-02
0.000000000000000000e+00 2.904005254976883485e-02
0.000000000000000000e+00 3.279517874075646433e-02
0.000000000000000000e+00 3.231640147903945548e-02
0.000000000000000000e+00 3.303157281362280318e-02
0.000000000000000000e+00 3.822781590770670673e-02
0.000000000000000000e+00 4.020966412113310268e-02
0.000000000000000000e+00 4.495017613955140656e-02
0.000000000000000000e+00 4.773878072936909439e-02
0.000000000000000000e+00 4.777300127584053341e-02
0.000000000000000000e+00 5.062168089161676876e-02
0.000000000000000000e+00 5.287330530025675934e-02
0.000000000000000000e+00 5.232132026479881237e-02
0.000000000000000000e+00 5.698039612899136880e-02
0.000000000000000000e+00 6.128630710082848959e-02
0.000000000000000000e+00 6.378892441346954711e-02
0.000000000000000000e+00 6.433251809928096365e-02
0.000000000000000000e+00 6.191304973156524366e-02
0.000000000000000000e+00 6.406614275887330401e-02
0.000000000000000000e+00 6.859939060625316887e-02
0.000000000000000000e+00 6.888038937673839068e-02
0.000000000000000000e+00 7.307213729155871695e-02
0.000000000000000000e+00 7.597438969286697541e-02
0.000000000000000000e+00 7.395003408353970076e-02
0.000000000000000000e+00 7.636875957650975100e-02
0.000000000000000000e+00 8.088474663610420445e-02
0.000000000000000000e+00 8.650347603274270714e-02
0.000000000000000000e+00 8.533384783879383040e-02
0.000000000000000000e+00 8.941163856677655786e-02
0.000000000000000000e+00 8.805024014566857626e-02
0.000000000000000000e+00 8.741347082727972395e-02
0.000000000000000000e+00 8.848666254205561632e-02
0.000000000000000000e+00 8.822245606364469139e-02
0.000000000000000000e+00 9.201351569250972029e-02
0.000000000000000000e+00 1.017162200418616630e-01
0.000000000000000000e+00 1.063779724931964016e-01
0.000000000000000000e+00 1.105417238507481054e-01
0.000000000000000000e+00 1.173860986536725826e-01
0.000000000000000000e+00 1.238815896905637176e-01
0.000000000000000000e+00 1.290819779629816533e-01
0.000000000000000000e+00 1.301383958308029720e-01
0.000000000000000000e+00 1.311907540089029267e-01
0.000000000000000000e+00 1.295562871082841239e-01
0.000000000000000000e+00 1.279772916323409782e-01
0.000000000000000000e+00 1.272904719632049209e-01
0.000000000000000000e+00 1.278010087996883093e-01
0.000000000000000000e+00 1.270590564040805226e-01
0.000000000000000000e+00 1.289324374210934765e-01
0.000000000000000000e+00 1.329772350892939325e-01
0.000000000000000000e+00 1.379712848751992182e-01
0.000000000000000000e+00 1.407245065639732839e-01
0.000000000000000000e+00 1.418008180308962252e-01
0.000000000000000000e+00 1.458735009776569447e-01
0.000000000000000000e+00 1.503168737848932235e-01
0.000000000000000000e+00 1.544562400242958100e-01
0.000000000000000000e+00 1.614062748789851509e-01
0.000000000000000000e+00 1.629000985825391212e-01
0.000000000000000000e+00 1.615534678078967556e-01
0.000000000000000000e+00 1.600266009416154989e-01
0.000000000000000000e+00 1.569747091624532631e-01
0.000000000000000000e+00 1.577840986451208016e-01
0.000000000000000000e+00 1.549030971230750953e-01
0.000000000000000000e+00 1.558789676792489975e-01
0.000000000000000000e+00 1.508825911138881037e-01
0.000000000000000000e+00 1.515154877576651016e-01
0.000000000000000000e+00 1.491145964525112666e-01
0.000000000000000000e+00 1.496203907846729020e-01
0.000000000000000000e+00 1.498528384136512126e-01
0.000000000000000000e+00 1.536003559949378761e-01
0.000000000000000000e+00 1.585642606835821200e-01
0.000000000000000000e+00 1.559940573720469958e-01
0.000000000000000000e+00 1.550243411309771280e-01
0.000000000000000000e+00 1.547129319173500273e-01
0.000000000000000000e+00 1.566529407573022670e-01
0.000000000000000000e+00 1.559961755477470013e-01
0.000000000000000000e+00 1.543757439635636830e-01
0.000000000000000000e+00 1.557175329935467922e-01
0.000000000000000000e+00 1.565624407422028519e-01
0.000000000000000000e+00 1.567135468889321592e-01
0.000000000000000000e+00 1.558710225106143266e-01
0.000000000000000000e+00 1.529453304925012247e-01
0.000000000000000000e+00 1.577275913473444313e-01
0.000000000000000000e+00 1.582522435308509889e-01
0.000000000000000000e+00 1.605946804886261847e-01
0.000000000000000000e+00 1.631583880529624275e-01
0.000000000000000000e+00 1.648620183032333264e-01
0.000000000000000000e+00 1.638476525043603971e-01
0.000000000000000000e+00 1.660373578680607587e-01
0.000000000000000000e+00 1.686826524123200000e-01
0.000000000000000000e+00 1.647442381503275433e-01
0.000000000000000000e+00 1.627611629238296109e-01
0.000000000000000000e+00 1.653507593958952748e-01
0.000000000000000000e+00 1.644339811281860797e-01
0.000000000000000000e+00 1.659298148960018093e-01
0.000000000000000000e+00 1.657239402913696646e-01
0.000000000000000000e+00 1.624864187588384301e-01
0.000000000000000000e+00 1.581669485840422884e-01
0.000000000000000000e+00 1.593465581363505412e-01
0.000000000000000000e+00 1.613851876511671057e-01
0.000000000000000000e+00 1.598002250672314051e-01
0.000000000000000000e+00 1.580620520066807755e-01
0.000000000000000000e+00 1.577886387495649745e-01
0.000000000000000000e+00 1.529209735855221741e-01
0.000000000000000000e+00 1.539182405478597138e-01
0.000000000000000000e+00 1.576826675474895800e-01
0.000000000000000000e+00 1.587935894786031421e-01
0.000000000000000000e+00 1.605564831678264748e-01
0.000000000000000000e+00 1.618386862009089100e-01
0.000000000000000000e+00 1.636469298405492101e-01
0.000000000000000000e+00 1.639216849265403564e-01
0.000000000000000000e+00 1.596986068946913140e-01
0.000000000000000000e+00 1.618775608573293223e-01
0.000000000000000000e+00 1.549767237703569833e-01
0.000000000000000000e+00 1.514370711651134016e-01
0.000000000000000000e+00 1.470178514509683509e-01
0.000000000000000000e+00 1.492979441879459523e-01
0.000000000000000000e+00 1.500617899528509935e-01
0.000000000000000000e+00 1.477653934326372265e-01
0.000000000000000000e+00 1.422372453850349605e-01
0.000000000000000000e+00 1.423148195445800568e-01
0.000000000000000000e+00 1.383795093333302084e-01
0.000000000000000000e+00 1.364321658516226832e-01
0.000000000000000000e+00 1.352601483962740658e-01
0.000000000000000000e+00 1.315369518287111406e-01
0.000000000000000000e+00 1.302260993128172839e-01
0.000000000000000000e+00 1.203193081616910770e-01
0.000000000000000000e+00 1.219984046305252201e-01
0.000000000000000000e+00 1.216440741637776352e-01
0.000000000000000000e+00 1.259339114510800439e-01
0.000000000000000000e+00 1.254378937864926713e-01
0.000000000000000000e+00 1.284658395817729060e-01
0.000000000000000000e+00 1.292300278448516582e-01
0.000000000000000000e+00 1.281622420416916042e-01
0.000000000000000000e+00 1.277771691479537286e-01
0.000000000000000000e+00 1.296548269780502249e-01
0.000000000000000000e+00 1.288309807977807142e-01
0.000000000000000000e+00 1.304073073013159167e-01
0.000000000000000000e+00 1.295342998583747518e-01
0.000000000000000000e+00 1.330615290247632310e-01
0.000000000000000000e+00 1.345147976682888324e-01
0.000000000000000000e+00 1.351439430960098831e-01
0.000000000000000000e+00 1.348535287505326086e-01
0.000000000000000000e+00 1.332110696603212296e-01
0.000000000000000000e+00 1.329282315301584250e-01
0.000000000000000000e+00 1.338367039075155918e-01
0.000000000000000000e+00 1.334176887944511225e-01
0.000000000000000000e+00 1.342820082114226654e-01
0.000000000000000000e+00 1.360934715643252746e-01
0.000000000000000000e+00 1.368208026203314998e-01
0.000000000000000000e+00 1.289814255465895620e-01
0.000000000000000000e+00 1.265320366121419626e-01
0.000000000000000000e+00 1.244474039279166305e-01
0.000000000000000000e+00 1.266557309635654160e-01
0.000000000000000000e+00 1.278525210796135902e-01
0.000000000000000000e+00 1.269133300328907921e-01
0.000000000000000000e+00 1.264352725722341364e-01
0.000000000000000000e+00 1.282883983344591527e-01
0.000000000000000000e+00 1.277220827650586699e-01
0.000000000000000000e+00 1.245541094176652042e-01
0.000000000000000000e+00 1.158312884058797787e-01
0.000000000000000000e+00 1.150284804219549040e-01
0.000000000000000000e+00 1.162630997986975195e-01
0.000000000000000000e+00 1.170026179957551482e-01
0.000000000000000000e+00 1.170422836031930758e-01
0.000000000000000000e+00 1.173855819725110328e-01
0.000000000000000000e+00 1.143164618735595384e-01
0.000000000000000000e+00 1.136316146977258690e-01
0.000000000000000000e+00 1.184052046684241910e-01
0.000000000000000000e+00 1.226048393921542051e-01
0.000000000000000000e+00 1.228567480090661246e-01
0.000000000000000000e+00 1.236426434282826559e-01
0.000000000000000000e+00 1.239706200603165054e-01
0.000000000000000000e+00 1.266056224667949925e-01
0.000000000000000000e+00 1.277675310576428525e-01
0.000000000000000000e+00 1.275687751086695410e-01
0.000000000000000000e+00 1.282714568687985945e-01
0.000000000000000000e+00 1.264229776593074617e-01
0.000000000000000000e+00 1.279250541065236058e-01
0.000000000000000000e+00 1.300757250999936554e-01
0.000000000000000000e+00 1.304721068837971509e-01
0.000000000000000000e+00 1.297111328184184786e-01
0.000000000000000000e+00 1.283604173559933226e-01
0.000000000000000000e+00 1.242239969409307254e-01
0.000000000000000000e+00 1.240556289613271995e-01
0.000000000000000000e+00 1.217856373769351658e-01
0.000000000000000000e+00 1.227181915657808847e-01
0.000000000000000000e+00 1.213992439666637668e-01
0.000000000000000000e+00 1.221533083467868513e-01
0.000000000000000000e+00 1.205143883247628694e-01
0.000000000000000000e+00 1.175177752875513487e-01
0.000000000000000000e+00 1.165897397567822874e-01
0.000000000000000000e+00 1.141603285328335049e-01
0.000000000000000000e+00 1.128212666248653989e-01
0.000000000000000000e+00 1.135992747056360080e-01
0.000000000000000000e+00 1.106468026352281087e-01
0.000000000000000000e+00 1.098097223192440325e-01
0.000000000000000000e+00 1.081896343296527563e-01
0.000000000000000000e+00 1.087584645204881795e-01
0.000000000000000000e+00 1.089915103975394317e-01
0.000000000000000000e+00 1.071235636703614519e-01
0.000000000000000000e+00 1.046920397822170973e-01
0.000000000000000000e+00 1.039236647497661925e-01
0.000000000000000000e+00 1.081331095216801069e-01
0.000000000000000000e+00 1.072150758006298471e-01
0.000000000000000000e+00 1.080930195099663732e-01
0.000000000000000000e+00 1.074736621417457794e-01
0.000000000000000000e+00 1.047858398045948825e-01
0.000000000000000000e+00 1.066406823343030441e-01
0.000000000000000000e+00 1.051767035027164343e-01
0.000000000000000000e+00 1.038034521311386460e-01
0.000000000000000000e+00 1.008494725972612777e-01
0.000000000000000000e+00 1.054279138792565129e-01
0.000000000000000000e+00 1.095332418464017715e-01
0.000000000000000000e+00 1.117007294369589815e-01
0.000000000000000000e+00 1.122592128615027274e-01
0.000000000000000000e+00 1.095521933005622756e-01
0.000000000000000000e+00 1.118714061075553878e-01
0.000000000000000000e+00 1.099173421571182641e-01
0.000000000000000000e+00 1.155877689129371222e-01
0.000000000000000000e+00 1.159784946026075209e-01
0.000000000000000000e+00 1.192166511835058285e-01
0.000000000000000000e+00 1.137585123996436715e-01
0.000000000000000000e+00 1.148968822736929490e-01
0.000000000000000000e+00 1.145114301588269212e-01
0.000000000000000000e+00 1.159204672475254438e-01
0.000000000000000000e+00 1.158410582547852730e-01
0.000000000000000000e+00 1.179351238413264003e-01
0.000000000000000000e+00 1.188443386031250298e-01
0.000000000000000000e+00 1.177148843880204826e-01
0.000000000000000000e+00 1.172037432202860108e-01
0.000000000000000000e+00 1.142755946169732584e-01
0.000000000000000000e+00 1.148972506964121426e-01
0.000000000000000000e+00 1.156870511494115933e-01
0.000000000000000000e+00 1.169163670065815341e-01
0.000000000000000000e+00 1.183084251427715949e-01
0.000000000000000000e+00 1.169378559226302433e-01
0.000000000000000000e+00 1.156790184171662683e-01
0.000000000000000000e+00 1.186028401026754803e-01
0.000000000000000000e+00 1.186258219790984059e-01
0.000000000000000000e+00 1.150220487959681404e-01
0.000000000000000000e+00 1.179749266942460573e-01
0.000000000000000000e+00 1.206205031351980650e-01
0.000000000000000000e+00 1.227589513465674187e-01
0.000000000000000000e+00 1.225553595410225211e-01
0.000000000000000000e+00 1.214823055750353237e-01
0.000000000000000000e+00 1.220561097360004094e-01
0.000000000000000000e+00 1.176513301251854299e-01
0.000000000000000000e+00 1.194556071578905670e-01
0.000000000000000000e+00 1.196385387699483299e-01
0.000000000000000000e+00 1.217895805008990529e-01
0.000000000000000000e+00 1.212837627303433169e-01
0.000000000000000000e+00 1.216525463965577591e-01
0.000000000000000000e+00 1.170116026563292888e-01
0.000000000000000000e+00 1.173157774469189563e-01
0.000000000000000000e+00 1.186548366548261096e-01
0.000000000000000000e+00 1.188594039440759448e-01
0.000000000000000000e+00 1.171410336473238112e-01
0.000000000000000000e+00 1.179930912009964639e-01
0.000000000000000000e+00 1.215274423331898779e-01
0.000000000000000000e+00 1.229351203008022531e-01
0.000000000000000000e+00 1.205365335687922645e-01
0.000000000000000000e+00 1.189431995140903114e-01
0.000000000000000000e+00 1.157562226624920670e-01
0.000000000000000000e+00 1.162327995861069246e-01
0.000000000000000000e+00 1.131488871658620776e-01
0.000000000000000000e+00 1.133221725788648993e-01
0.000000000000000000e+00 1.123319040995946760e-01
0.000000000000000000e+00 1.130729749872291939e-01
0.000000000000000000e+00 1.142004786778683667e-01
0.000000000000000000e+00 1.163731213476437293e-01
0.000000000000000000e+00 1.152889168797596731e-01
0.000000000000000000e+00 1.185789336547241751e-01
0.000000000000000000e+00 1.190670312053871832e-01
0.000000000000000000e+00 1.231168580939117074e-01
0.000000000000000000e+00 1.250234898435464981e-01
0.000000000000000000e+00 1.276206623074749025e-01
0.000000000000000000e+00 1.268785273505866618e-01
0.000000000000000000e+00 1.267308626238065061e-01
0.000000000000000000e+00 1.287230623520707051e-01
0.000000000000000000e+00 1.240543717776557975e-01
0.000000000000000000e+00 1.216585532956353799e-01
0.000000000000000000e+00 1.279601514551859109e-01
0.000000000000000000e+00 1.327835549284715200e-01
0.000000000000000000e+00 1.346908092605270113e-01
0.000000000000000000e+00 1.361613678284459006e-01
0.000000000000000000e+00 1.367596765868833997e-01
0.000000000000000000e+00 1.369009382277302234e-01
0.000000000000000000e+00 1.382587739774884250e-01
0.000000000000000000e+00 1.391320610036912153e-01
0.000000000000000000e+00 1.438332160356659839e-01
0.000000000000000000e+00 1.434231577057313300e-01
0.000000000000000000e+00 1.447826387494405009e-01
0.000000000000000000e+00 1.477799550772490866e-01
0.000000000000000000e+00 1.452059355479762559e-01
0.000000000000000000e+00 1.441879095934996968e-01
0.000000000000000000e+00 1.461788527009553751e-01
0.000000000000000000e+00 1.477812989739580585e-01
0.000000000000000000e+00 1.435089143477525642e-01
0.000000000000000000e+00 1.470665466524922471e-01
0.000000000000000000e+00 1.499194755956130276e-01
0.000000000000000000e+00 1.506461362243769753e-01
0.000000000000000000e+00 1.529456843148387091e-01
0.000000000000000000e+00 1.542525607751761285e-01
0.000000000000000000e+00 1.563227040648310917e-01
0.000000000000000000e+00 1.561484033097224888e-01
0.000000000000000000e+00 1.509405825781094668e-01
0.000000000000000000e+00 1.516723244123591163e-01
0.000000000000000000e+00 1.511532453528233733e-01
0.000000000000000000e+00 1.517000284460368886e-01
0.000000000000000000e+00 1.518570727749161409e-01
0.000000000000000000e+00 1.566778839919181765e-01
0.000000000000000000e+00 1.602061433894012288e-01
0.000000000000000000e+00 1.637080202454666011e-01
0.000000000000000000e+00 1.637551765129826586e-01
0.000000000000000000e+00 1.620789182960942765e-01
0.000000000000000000e+00 1.595874477871090658e-01
0.000000000000000000e+00 1.596226620280373765e-01
0.000000000000000000e+00 1.588640679322599614e-01
0.000000000000000000e+00 1.549765933844413079e-01
0.000000000000000000e+00 1.545428262750352943e-01
0.000000000000000000e+00 1.549062237302414324e-01
0.000000000000000000e+00 1.537545879920773906e-01
0.000000000000000000e+00 1.489756601361927058e-01
0.000000000000000000e+00 1.468840999600627695e-01
0.000000000000000000e+00 1.461517044546882804e-01
0.000000000000000000e+00 1.461890624124038973e-01
0.000000000000000000e+00 1.464469953720443640e-01
0.000000000000000000e+00 1.469713461211528127e-01
0.000000000000000000e+00 1.493370594398440998e-01
0.000000000000000000e+00 1.468098380730182562e-01
0.000000000000000000e+00 1.477449990837113036e-01
0.000000000000000000e+00 1.488718717567046046e-01
0.000000000000000000e+00 1.486680269671186716e-01
0.000000000000000000e+00 1.464508967835068953e-01
0.000000000000000000e+00 1.442209075394745577e-01
0.000000000000000000e+00 1.480006324349540658e-01
0.000000000000000000e+00 1.451097667718056761e-01
0.000000000000000000e+00 1.448635004316152219e-01
0.000000000000000000e+00 1.454318435316186986e-01
0.000000000000000000e+00 1.485684043666112286e-01
0.000000000000000000e+00 1.495574286350243864e-01
0.000000000000000000e+00 1.488696158624424060e-01
0.000000000000000000e+00 1.478404988330894732e-01
0.000000000000000000e+00 1.449943516349905537e-01
0.000000000000000000e+00 1.449175498237180448e-01
0.000000000000000000e+00 1.454742690788010939e-01
0.000000000000000000e+00 1.464273070698729751e-01
0.000000000000000000e+00 1.496748185499209016e-01
0.000000000000000000e+00 1.467162863212486956e-01
0.000000000000000000e+00 1.461637018548148648e-01
0.000000000000000000e+00 1.483042439038586291e-01
0.000000000000000000e+00 1.450130598305483243e-01
0.000000000000000000e+00 1.461035986708607848e-01
0.000000000000000000e+00 1.449420384839992804e-01
0.000000000000000000e+00 1.444748288402714353e-01
0.000000000000000000e+00 1.424583276170725277e-01
0.000000000000000000e+00 1.403599341602040917e-01
0.000000000000000000e+00 1.429159262193076541e-01
0.000000000000000000e+00 1.424841856921128525e-01
0.000000000000000000e+00 1.392530858044425945e-01
0.000000000000000000e+00 1.368224619446164469e-01
0.000000000000000000e+00 1.357155418974804739e-01
0.000000000000000000e+00 1.338055323046674627e-01
0.000000000000000000e+00 1.301458712369345794e-01
0.000000000000000000e+00 1.305181946491555944e-01
0.000000000000000000e+00 1.299204994145343184e-01
0.000000000000000000e+00 1.282059300282983871e-01
0.000000000000000000e+00 1.266157835413042887e-01
0.000000000000000000e+00 1.259682251706239209e-01
0.000000000000000000e+00 1.253290276377189982e-01
0.000000000000000000e+00 1.188790795569359265e-01
0.000000000000000000e+00 1.194210112663836310e-01
0.000000000000000000e+00 1.196664202109719438e-01
0.000000000000000000e+00 1.178532022360870013e-01
0.000000000000000000e+00 1.162842313078710221e-01
0.000000000000000000e+00 1.148991221658961087e-01
0.000000000000000000e+00 1.177428300076215351e-01
0.000000000000000000e+00 1.212912257073205796e-01
0.000000000000000000e+00 1.207490320888581353e-01
0.000000000000000000e+00 1.199056018525050532e-01
0.000000000000000000e+00 1.205477315117712139e-01
0.000000000000000000e+00 1.211856678921869324e-01
0.000000000000000000e+00 1.210784316653350928e-01
0.000000000000000000e+00 1.252847666305325625e-01
0.000000000000000000e+00 1.263617123069582238e-01
0.000000000000000000e+00 1.279718939450555648e-01
0.000000000000000000e+00 1.254583380941022008e-01
0.000000000000000000e+00 1.261952992462687106e-01
0.000000000000000000e+00 1.263437786323678147e-01
0.000000000000000000e+00 1.197580322232361244e-01
0.000000000000000000e+00 1.213992697163837481e-01
0.000000000000000000e+00 1.226927037885582050e-01
0.000000000000000000e+00 1.254212795126367630e-01
0.000000000000000000e+00 1.297185551569025874e-01
0.000000000000000000e+00 1.284695936742739630e-01
0.000000000000000000e+00 1.296045165243970010e-01
0.000000000000000000e+00 1.279652737253609562e-01
0.000000000000000000e+00 1.279003471017350069e-01
0.000000000000000000e+00 1.293975388028318352e-01
0.000000000000000000e+00 1.249848137582932756e-01
0.000000000000000000e+00 1.246205788025808309e-01
0.000000000000000000e+00 1.250063393600907846e-01
0.000000000000000000e+00 1.231569897219943061e-01
0.000000000000000000e+00 1.208149459567645218e-01
0.000000000000000000e+00 1.186192228970386064e-01
0.000000000000000000e+00 1.169107222474543850e-01
0.000000000000000000e+00 1.170821830198320035e-01
0.000000000000000000e+00 1.154484766169251858e-01
0.000000000000000000e+00 1.097293735147433502e-01
0.000000000000000000e+00 1.136746683673559577e-01
0.000000000000000000e+00 1.132528304945839420e-01
0.000000000000000000e+00 1.138081203028755845e-01
0.000000000000000000e+00 1.125328499438342372e-01
0.000000000000000000e+00 1.074563936419818955e-01
0.000000000000000000e+00 1.057303920516696888e-01
0.000000000000000000e+00 1.052721296998063855e-01
0.000000000000000000e+00 1.044434318751157331e-01
0.000000000000000000e+00 1.054691806305622787e-01
0.000000000000000000e+00 1.067854756528727467e-01
0.000000000000000000e+00 1.082712621778543771e-01
0.000000000000000000e+00 1.034945517237706031e-01
0.000000000000000000e+00 1.029037788888080424e-01
0.000000000000000000e+00 1.010073097197725228e-01
0.000000000000000000e+00 9.871950184614564083e-02
0.000000000000000000e+00 9.836947790924903401e-02
0.000000000000000000e+00 9.866905770675406251e-02
0.000000000000000000e+00 9.516548554529988269e-02
0.000000000000000000e+00 9.129174567951611752e-02
0.000000000000000000e+00 9.375282976609919383e-02
0.000000000000000000e+00 9.096082101119759566e-02
0.000000000000000000e+00 8.394751296045491196e-02
0.000000000000000000e+00 8.506236049627295681e-02
0.000000000000000000e+00 8.853528897027658495e-02
0.000000000000000000e+00 9.217943051665579424e-02
0.000000000000000000e+00 9.186616159171492879e-02
0.000000000000000000e+00 9.231720391799821956e-02
0.000000000000000000e+00 9.732986472940061140e-02
0.000000000000000000e+00 9.765166417112010333e-02
0.000000000000000000e+00 1.043171432645172841e-01
0.000000000000000000e+00 1.056386766715584624e-01
0.000000000000000000e+00 1.029484056515932722e-01
0.000000000000000000e+00 1.005465715036272523e-01
0.000000000000000000e+00 1.004389301492694814e-01
0.000000000000000000e+00 1.010780662281047654e-01
0.000000000000000000e+00 9.639668246353033654e-02
0.000000000000000000e+00 9.460257857720159869e-02
0.000000000000000000e+00 9.341740762267987386e-02
0.000000000000000000e+00 1.023182016084692447e-01
0.000000000000000000e+00 1.024802119437331072e-01
0.000000000000000000e+00 1.011513491297369310e-01
0.000000000000000000e+00 1.030059567048620395e-01
0.000000000000000000e+00 1.054666319887243714e-01
0.000000000000000000e+00 1.048703856907444304e-01
0.000000000000000000e+00 1.014981841274013724e-01
0.000000000000000000e+00 1.022442607715386559e-01
0.000000000000000000e+00 1.029567561393309183e-01
0.000000000000000000e+00 1.054350511432756710e-01
0.000000000000000000e+00 1.058493130422836770e-01
0.000000000000000000e+00 1.027195341477570439e-01
0.000000000000000000e+00 1.012774253379895434e-01
0.000000000000000000e+00 9.785929923795405605e-02
0.000000000000000000e+00 9.504197029045298450e-02
0.000000000000000000e+00 9.533374408059640259e-02
0.000000000000000000e+00 9.472099769709760309e-02
0.000000000000000000e+00 9.068246735904596234e-02
0.000000000000000000e+00 8.887596958698287808e-02
0.000000000000000000e+00 8.750616388114794419e-02
0.000000000000000000e+00 8.228776415355160134e-02
0.000000000000000000e+00 8.658048760576990410e-02
0.000000000000000000e+00 9.068131504213393368e-02
0.000000000000000000e+00 9.242094455803435971e-02
0.000000000000000000e+00 9.405363732050714409e-02
0.000000000000000000e+00 9.374965307203722564e-02
0.000000000000000000e+00 9.557942740617289545e-02
0.000000000000000000e+00 1.003303629361399218e-01
0.000000000000000000e+00 9.741253403636618291e-02
0.000000000000000000e+00 9.536630563601355970e-02
0.000000000000000000e+00 8.799912638214317517e-02
0.000000000000000000e+00 8.714241771234748635e-02
0.000000000000000000e+00 8.670861125033921257e-02
0.000000000000000000e+00 8.437114929312546086e-02
0.000000000000000000e+00 8.176383705067116758e-02
0.000000000000000000e+00 7.829672523328674860e-02
0.000000000000000000e+00 7.678555078440761628e-02
0.000000000000000000e+00 7.280280489575272074e-02
0.000000000000000000e+00 7.422588980905329981e-02
0.000000000000000000e+00 7.123718007395289653e-02
0.000000000000000000e+00 6.676534893057144149e-02
0.000000000000000000e+00 6.316343570657835527e-02
0.000000000000000000e+00 6.038766097142102968e-02
0.000000000000000000e+00 5.599961082868306489e-02
0.000000000000000000e+00 5.425317977428927713e-02
0.000000000000000000e+00 5.045831944861169788e-02
0.000000000000000000e+00 4.712180749962133902e-02
0.000000000000000000e+00 4.477262506426631788e-02
0.000000000000000000e+00 4.109353249443859629e-02
0.000000000000000000e+00 3.685983362986928330e-02
0.000000000000000000e+00 3.054678412453142033e-02
0.000000000000000000e+00 2.728131497621751403e-02
0.000000000000000000e+00 2.515617324647880307e-02
0.000000000000000000e+00 2.175925783629563404e-02
0.000000000000000000e+00 1.607408200740557264e-02
0.000000000000000000e+00 1.292780888206564692e-02
0.000000000000000000e+00 9.999307017834307629e-03
0.000000000000000000e+00 7.174677140663145158e-03
0.000000000000000000e+00 3.029649327088301900e-03
