0.000000000000000000e+00 5.132722918405296236e-02
0.000000000000000000e+00 6.922295457643337646e-02
0.000000000000000000e+00 8.190801201587795399e-02
0.000000000000000000e+00 8.613976268264542102e-02
0.000000000000000000e+00 1.003752732399006836e-01
0.000000000000000000e+00 1.078204973199062694e-01
0.000000000000000000e+00 1.088043952970809691e-01
0.000000000000000000e+00 1.072149487312102634e-01
0.000000000000000000e+00 1.175898917111161956e-01
0.000000000000000000e+00 1.177113036505614968e-01
0.000000000000000000e+00 1.191265486997204331e-01
0.000000000000000000e+00 1.141612625110525192e-01
0.000000000000000000e+00 1.015793454542721214e-01
0.000000000000000000e+00 1.042960557851965314e-01
0.000000000000000000e+00 1.001161197324145768e-01
0.000000000000000000e+00 9.241392526124232731e-02
0.000000000000000000e+00 1.030594275620850125e-01
0.000000000000000000e+00 1.094024573387477883e-01
0.000000000000000000e+00 1.034161513485707118e-01
0.000000000000000000e+00 9.950007098463399535e-02
0.000000000000000000e+00 1.051839438543691607e-01
0.000000000000000000e+00 1.073207939333248456e-01
0.000000000000000000e+00 1.127279129177904543e-01
0.000000000000000000e+00 1.204567556689481733e-01
0.000000000000000000e+00 1.218692169055653196e-01
0.000000000000000000e+00 1.286710652647019282e-01
0.000000000000000000e+00 1.202909471641056965e-01
0.000000000000000000e+00 1.258508278162983607e-01
0.000000000000000000e+00 1.195606122515376346e-01
0.000000000000000000e+00 1.230194801699291685e-01
0.000000000000000000e+00 1.312002146878793463e-01
0.000000000000000000e+00 1.276959623106892761e-01
0.000000000000000000e+00 1.240540179377146307e-01
0.000000000000000000e+00 1.322140509157691823e-01
0.000000000000000000e+00 1.179996848627704736e-01
0.000000000000000000e+00 1.092300324702341063e-01
0.000000000000000000e+00 1.046736280307392214e-01
0.000000000000000000e+00 1.139165080455320916e-01
0.000000000000000000e+00 1.268392572741266211e-01
0.000000000000000000e+00 1.130417002349848460e-01
0.000000000000000000e+00 1.015221721806390670e-01
0.000000000000000000e+00 9.637417476840447195e-02
0.000000000000000000e+00 1.000722163042637863e-01
0.000000000000000000e+00 1.202739447560889074e-01
0.000000000000000000e+00 1.245080278138609303e-01
0.000000000000000000e+00 1.271967006361386654e-01
0.000000000000000000e+00 1.209065428584813195e-01
0.000000000000000000e+00 1.206261708451415865e-01
0.000000000000000000e+00 1.308594168721738948e-01
0.000000000000000000e+00 1.504208740197890970e-01
0.000000000000000000e+00 1.581610559582022901e-01
0.000000000000000000e+00 1.428693511928911808e-01
0.000000000000000000e+00 1.442160292001669897e-01
0.000000000000000000e+00 1.477856417363335451e-01
0.000000000000000000e+00 1.366638640675938710e-01
0.000000000000000000e+00 1.445669813590128860e-01
0.000000000000000000e+00 1.363901819406028448e-01
0.000000000000000000e+00 1.276005398294340065e-01
0.000000000000000000e+00 1.214471020531476819e-01
0.000000000000000000e+00 1.243265306226004896e-01
0.000000000000000000e+00 1.249665968460546561e-01
0.000000000000000000e+00 1.439315106152077028e-01
0.000000000000000000e+00 1.372516878632442094e-01
0.000000000000000000e+00 1.371193380049638699e-01
0.000000000000000000e+00 1.387796723159689660e-01
0.000000000000000000e+00 1.396564652402152995e-01
0.000000000000000000e+00 1.315565348713770011e-01
0.000000000000000000e+00 1.284802109878416809e-01
0.000000000000000000e+00 1.177005529678445683e-01
0.000000000000000000e+00 1.048671544457769611e-01
0.000000000000000000e+00 1.117780566019796612e-01
0.000000000000000000e+00 1.194301694716165818e-01
0.000000000000000000e+00 1.165540473085074219e-01
0.000000000000000000e+00 1.202411132462587184e-01
0.000000000000000000e+00 1.365825264586640608e-01
0.000000000000000000e+00 1.443880056779445753e-01
0.000000000000000000e+00 1.379485380984443732e-01
0.000000000000000000e+00 1.309018971586038416e-01
0.000000000000000000e+00 1.350220125129551474e-01
0.000000000000000000e+00 1.450200351417708922e-01
0.000000000000000000e+00 1.394361077682322592e-01
0.000000000000000000e+00 1.406223602493152369e-01
0.000000000000000000e+00 1.514638067430139901e-01
0.000000000000000000e+00 1.472389283477184563e-01
0.000000000000000000e+00 1.386115937198008075e-01
0.000000000000000000e+00 1.328440368133964877e-01
0.000000000000000000e+00 1.378666873694657791e-01
0.000000000000000000e+00 1.404177690045376181e-01
0.000000000000000000e+00 1.476951534406086841e-01
0.000000000000000000e+00 1.591162363420415560e-01
0.000000000000000000e+00 1.566356163292030312e-01
0.000000000000000000e+00 1.438765516912740849e-01
0.000000000000000000e+00 1.678458519663409976e-01
0.000000000000000000e+00 1.576968091996197030e-01
0.000000000000000000e+00 1.549654629115567728e-01
0.000000000000000000e+00 1.312706733768276846e-01
0.000000000000000000e+00 1.283341328963429895e-01
0.000000000000000000e+00 1.198130935686899934e-01
0.000000000000000000e+00 1.366373293430928337e-01
0.000000000000000000e+00 1.385252359067122851e-01
0.000000000000000000e+00 1.331353745526592525e-01
0.000000000000000000e+00 1.241495242168174779e-01
0.000000000000000000e+00 1.189661911516122356e-01
0.000000000000000000e+00 1.219877094062913336e-01
0.000000000000000000e+00 1.211883299080029897e-01
0.000000000000000000e+00 1.285683986691498193e-01
0.000000000000000000e+00 1.272136096281852868e-01
0.000000000000000000e+00 1.219355263384559601e-01
0.000000000000000000e+00 1.246476360548646745e-01
0.000000000000000000e+00 1.225289767836869187e-01
0.000000000000000000e+00 1.161901081084379672e-01
0.000000000000000000e+00 1.218032290767276649e-01
0.000000000000000000e+00 1.006836621912792495e-01
0.000000000000000000e+00 1.050127963469419529e-01
0.000000000000000000e+00 1.124112982695573554e-01
0.000000000000000000e+00 1.072150856112756290e-01
0.000000000000000000e+00 9.689505828509353824e-02
0.000000000000000000e+00 9.805855794440335171e-02
0.000000000000000000e+00 1.066852049685181741e-01
0.000000000000000000e+00 1.021816495540798092e-01
0.000000000000000000e+00 1.030077571195981562e-01
0.000000000000000000e+00 1.081199324720756860e-01
0.000000000000000000e+00 1.133794026087189127e-01
0.000000000000000000e+00 1.195153520002764508e-01
0.000000000000000000e+00 1.311129778525269851e-01
0.000000000000000000e+00 1.261404988670558058e-01
0.000000000000000000e+00 1.218904700111999584e-01
0.000000000000000000e+00 1.207129229829545236e-01
0.000000000000000000e+00 1.174164157957216931e-01
0.000000000000000000e+00 1.308232953074472960e-01
0.000000000000000000e+00 1.354265342959764529e-01
0.000000000000000000e+00 1.205276292419728557e-01
0.000000000000000000e+00 1.202031618406305680e-01
0.000000000000000000e+00 1.160711755489026026e-01
0.000000000000000000e+00 1.105127171905241068e-01
0.000000000000000000e+00 1.171919730115726227e-01
0.000000000000000000e+00 1.401901333578940145e-01
0.000000000000000000e+00 1.316809427111649000e-01
0.000000000000000000e+00 1.278248031200947821e-01
0.000000000000000000e+00 1.300120425876305219e-01
0.000000000000000000e+00 1.242797640312206658e-01
0.000000000000000000e+00 1.353601106265523435e-01
0.000000000000000000e+00 1.377679685897601758e-01
0.000000000000000000e+00 1.450784184517475706e-01
0.000000000000000000e+00 1.429414463509547095e-01
0.000000000000000000e+00 1.421285999111809861e-01
0.000000000000000000e+00 1.173691381412977491e-01
0.000000000000000000e+00 1.318525425322564226e-01
0.000000000000000000e+00 1.222668006512397237e-01
0.000000000000000000e+00 1.210732647152939628e-01
0.000000000000000000e+00 1.221122518537416657e-01
0.000000000000000000e+00 1.166892727537817281e-01
0.000000000000000000e+00 1.173728804100971079e-01
0.000000000000000000e+00 1.164439276678554958e-01
0.000000000000000000e+00 1.236131567556704447e-01
0.000000000000000000e+00 1.304490030345779872e-01
0.000000000000000000e+00 1.438141886232874589e-01
0.000000000000000000e+00 1.378152561232587059e-01
0.000000000000000000e+00 1.291788245235579446e-01
0.000000000000000000e+00 1.360337756793029151e-01
0.000000000000000000e+00 1.391643390136347858e-01
0.000000000000000000e+00 1.355179448480740845e-01
0.000000000000000000e+00 1.340219302395509182e-01
0.000000000000000000e+00 1.258485521073122726e-01
0.000000000000000000e+00 1.225909480907269450e-01
0.000000000000000000e+00 1.284407681293802950e-01
0.000000000000000000e+00 1.320533694780110512e-01
0.000000000000000000e+00 1.369827797503445632e-01
0.000000000000000000e+00 1.206409679210149466e-01
0.000000000000000000e+00 1.216670688718795995e-01
0.000000000000000000e+00 1.144488514458432554e-01
0.000000000000000000e+00 1.204666992374113649e-01
0.000000000000000000e+00 1.222641675444695875e-01
0.000000000000000000e+00 1.211889253816188367e-01
0.000000000000000000e+00 1.059624548621283108e-01
0.000000000000000000e+00 1.008270393084161748e-01
0.000000000000000000e+00 1.055284698743022692e-01
0.000000000000000000e+00 1.203916628966126140e-01
0.000000000000000000e+00 1.192423153972674982e-01
0.000000000000000000e+00 1.294021974174771605e-01
0.000000000000000000e+00 1.321781053311183451e-01
0.000000000000000000e+00 1.377495787853670328e-01
0.000000000000000000e+00 1.348411092563799318e-01
0.000000000000000000e+00 1.349515079451328037e-01
0.000000000000000000e+00 1.361869653152789073e-01
0.000000000000000000e+00 1.492890876834654934e-01
0.000000000000000000e+00 1.407952424830908322e-01
0.000000000000000000e+00 1.430055695671885729e-01
0.000000000000000000e+00 1.420353231491572887e-01
0.000000000000000000e+00 1.342552747019399584e-01
0.000000000000000000e+00 1.291085917575806319e-01
0.000000000000000000e+00 1.225521201727841486e-01
0.000000000000000000e+00 1.175444626779530016e-01
0.000000000000000000e+00 1.200839744142447874e-01
0.000000000000000000e+00 1.301213115891120542e-01
0.000000000000000000e+00 1.234369341906824263e-01
0.000000000000000000e+00 1.164389963748816703e-01
0.000000000000000000e+00 1.110635702384535767e-01
0.000000000000000000e+00 1.143537484722660508e-01
0.000000000000000000e+00 1.086688330019787430e-01
0.000000000000000000e+00 1.219868056365564085e-01
0.000000000000000000e+00 1.301539418387349101e-01
0.000000000000000000e+00 1.427026019275780822e-01
0.000000000000000000e+00 1.404349670128653971e-01
0.000000000000000000e+00 1.520010506874234224e-01
0.000000000000000000e+00 1.580203278538857281e-01
0.000000000000000000e+00 1.603238462002179177e-01
0.000000000000000000e+00 1.556632909647160945e-01
0.000000000000000000e+00 1.485654499852901433e-01
0.000000000000000000e+00 1.547564608310181555e-01
0.000000000000000000e+00 1.582207398513856000e-01
0.000000000000000000e+00 1.546393341271972699e-01
0.000000000000000000e+00 1.592650223872676407e-01
0.000000000000000000e+00 1.608993652166464117e-01
0.000000000000000000e+00 1.585819551589554011e-01
0.000000000000000000e+00 1.555048550977865540e-01
0.000000000000000000e+00 1.378762851564804548e-01
0.000000000000000000e+00 1.331606335010142306e-01
0.000000000000000000e+00 1.307136916482148081e-01
0.000000000000000000e+00 1.444781408495540986e-01
0.000000000000000000e+00 1.511653508568301107e-01
0.000000000000000000e+00 1.392084129179101126e-01
0.000000000000000000e+00 1.363422026088229322e-01
0.000000000000000000e+00 1.350387681288038599e-01
0.000000000000000000e+00 1.471191587841728377e-01
0.000000000000000000e+00 1.453525442275898916e-01
0.000000000000000000e+00 1.369431217551436153e-01
0.000000000000000000e+00 1.248755003214202380e-01
0.000000000000000000e+00 1.349898384749496916e-01
0.000000000000000000e+00 1.414318444983483913e-01
0.000000000000000000e+00 1.298467894017867608e-01
0.000000000000000000e+00 1.344905748900406262e-01
0.000000000000000000e+00 1.270595571130898604e-01
0.000000000000000000e+00 1.299619745626912348e-01
0.000000000000000000e+00 1.255788582436114520e-01
0.000000000000000000e+00 1.262339485044785270e-01
0.000000000000000000e+00 1.187170092659533688e-01
0.000000000000000000e+00 1.186390423010277584e-01
0.000000000000000000e+00 1.265310976391792186e-01
0.000000000000000000e+00 1.314750221191345325e-01
0.000000000000000000e+00 1.357567790962942167e-01
0.000000000000000000e+00 1.403634959006600236e-01
0.000000000000000000e+00 1.271101217030935759e-01
0.000000000000000000e+00 1.181918167712952827e-01
0.000000000000000000e+00 1.271722476969279481e-01
0.000000000000000000e+00 1.376766900546611827e-01
0.000000000000000000e+00 1.352986967964827369e-01
0.000000000000000000e+00 1.457150470469019687e-01
0.000000000000000000e+00 1.334753125119669814e-01
0.000000000000000000e+00 1.385634260387750005e-01
0.000000000000000000e+00 1.400325788685421735e-01
0.000000000000000000e+00 1.423008332517660957e-01
0.000000000000000000e+00 1.380294535750059559e-01
0.000000000000000000e+00 1.363371524519768063e-01
0.000000000000000000e+00 1.210940233418423689e-01
0.000000000000000000e+00 1.266150049938404576e-01
0.000000000000000000e+00 1.306860005053894491e-01
0.000000000000000000e+00 1.358227512065650622e-01
0.000000000000000000e+00 1.284862531947008057e-01
0.000000000000000000e+00 1.190358755945311181e-01
0.000000000000000000e+00 1.181571523781929228e-01
0.000000000000000000e+00 1.179852400409328456e-01
0.000000000000000000e+00 1.339826533203324066e-01
0.000000000000000000e+00 1.323958925201543790e-01
0.000000000000000000e+00 1.375756940653869720e-01
0.000000000000000000e+00 1.347626053571941984e-01
0.000000000000000000e+00 1.363247401502471479e-01
0.000000000000000000e+00 1.415192016820418230e-01
0.000000000000000000e+00 1.418291283912037071e-01
0.000000000000000000e+00 1.400585426059781091e-01
0.000000000000000000e+00 1.355878341435872436e-01
0.000000000000000000e+00 1.341402725454223788e-01
0.000000000000000000e+00 1.345497187212070789e-01
0.000000000000000000e+00 1.304699145581585951e-01
0.000000000000000000e+00 1.349574841455461194e-01
0.000000000000000000e+00 1.262566856357834333e-01
0.000000000000000000e+00 1.308688040060490276e-01
0.000000000000000000e+00 1.375158031606284192e-01
0.000000000000000000e+00 1.400226185361909126e-01
0.000000000000000000e+00 1.243316174928708884e-01
0.000000000000000000e+00 1.186382260047836590e-01
0.000000000000000000e+00 1.196473947361778728e-01
0.000000000000000000e+00 1.199581322100835984e-01
0.000000000000000000e+00 1.263571259726323504e-01
0.000000000000000000e+00 1.322719865118212879e-01
0.000000000000000000e+00 1.177276496805444300e-01
0.000000000000000000e+00 1.256972732119396863e-01
0.000000000000000000e+00 1.307777934707144152e-01
0.000000000000000000e+00 1.222536453564724845e-01
0.000000000000000000e+00 1.171625552992434371e-01
0.000000000000000000e+00 1.262032381925961289e-01
0.000000000000000000e+00 1.347392618569331624e-01
0.000000000000000000e+00 1.437885558598492874e-01
0.000000000000000000e+00 1.414965673263798851e-01
0.000000000000000000e+00 1.346032145029739391e-01
0.000000000000000000e+00 1.428913190915786224e-01
0.000000000000000000e+00 1.537688910558714928e-01
0.000000000000000000e+00 1.582459337824092260e-01
0.000000000000000000e+00 1.479899528334838454e-01
0.000000000000000000e+00 1.639388848046578473e-01
0.000000000000000000e+00 1.578210329812438917e-01
0.000000000000000000e+00 1.576187594539462389e-01
0.000000000000000000e+00 1.581442278388970613e-01
0.000000000000000000e+00 1.507333684435683552e-01
0.000000000000000000e+00 1.541684994466226977e-01
0.000000000000000000e+00 1.555754320447937378e-01
0.000000000000000000e+00 1.503282236743709865e-01
0.000000000000000000e+00 1.294622845391608101e-01
0.000000000000000000e+00 1.426919196800310041e-01
0.000000000000000000e+00 1.441715939165081339e-01
0.000000000000000000e+00 1.306886840735716204e-01
0.000000000000000000e+00 1.370563997508720266e-01
0.000000000000000000e+00 1.508682121837607581e-01
0.000000000000000000e+00 1.387344345256416867e-01
0.000000000000000000e+00 1.261846844021189407e-01
0.000000000000000000e+00 1.388851377414715427e-01
0.000000000000000000e+00 1.254621472264988713e-01
0.000000000000000000e+00 1.187149904560338282e-01
0.000000000000000000e+00 1.279136727365696447e-01
0.000000000000000000e+00 1.126756114352551880e-01
0.000000000000000000e+00 1.235930687603491590e-01
0.000000000000000000e+00 1.232508739803159920e-01
0.000000000000000000e+00 1.166031928104043075e-01
0.000000000000000000e+00 1.159033547283831594e-01
0.000000000000000000e+00 1.122039216777234172e-01
0.000000000000000000e+00 1.208546723563451164e-01
0.000000000000000000e+00 1.205746303907437172e-01
0.000000000000000000e+00 1.236583696410288175e-01
0.000000000000000000e+00 1.390167790508530232e-01
0.000000000000000000e+00 1.382883113038685108e-01
0.000000000000000000e+00 1.210503144616584675e-01
0.000000000000000000e+00 1.213409851735883366e-01
0.000000000000000000e+00 1.248859677590110490e-01
0.000000000000000000e+00 1.179681390280467174e-01
0.000000000000000000e+00 1.202599815423899543e-01
0.000000000000000000e+00 1.242048457681066559e-01
0.000000000000000000e+00 1.455672099202179604e-01
0.000000000000000000e+00 1.386917321606797593e-01
0.000000000000000000e+00 1.363441423326351987e-01
0.000000000000000000e+00 1.342187255702907978e-01
0.000000000000000000e+00 1.311205522132733725e-01
0.000000000000000000e+00 1.305378781609089489e-01
0.000000000000000000e+00 1.237563942141191586e-01
0.000000000000000000e+00 1.469010091824594633e-01
0.000000000000000000e+00 1.496516055574633464e-01
0.000000000000000000e+00 1.441659889811691964e-01
0.000000000000000000e+00 1.430867766016934994e-01
0.000000000000000000e+00 1.468793029322051913e-01
0.000000000000000000e+00 1.390011391123914530e-01
0.000000000000000000e+00 1.454322954746052610e-01
0.000000000000000000e+00 1.514721110164105045e-01
0.000000000000000000e+00 1.439260376963172883e-01
0.000000000000000000e+00 1.497879632178788778e-01
0.000000000000000000e+00 1.494525228532385674e-01
0.000000000000000000e+00 1.461246165116890372e-01
0.000000000000000000e+00 1.456880650439594804e-01
0.000000000000000000e+00 1.194020987383162952e-01
0.000000000000000000e+00 1.130988779763620333e-01
0.000000000000000000e+00 1.229851819271686048e-01
0.000000000000000000e+00 1.269269088447714799e-01
0.000000000000000000e+00 1.324617257985150343e-01
0.000000000000000000e+00 1.317351287687116013e-01
0.000000000000000000e+00 1.383237984489502637e-01
0.000000000000000000e+00 1.397053047127161107e-01
0.000000000000000000e+00 1.423313642456519035e-01
0.000000000000000000e+00 1.408108530300165306e-01
0.000000000000000000e+00 1.401251348643883787e-01
0.000000000000000000e+00 1.449554893261737476e-01
0.000000000000000000e+00 1.375057774247284981e-01
0.000000000000000000e+00 1.277658753362042043e-01
0.000000000000000000e+00 1.308066501337705190e-01
0.000000000000000000e+00 1.301095044792792144e-01
0.000000000000000000e+00 1.405964772259473694e-01
0.000000000000000000e+00 1.333197160857308161e-01
0.000000000000000000e+00 1.284670789261687374e-01
0.000000000000000000e+00 1.212879180481516717e-01
0.000000000000000000e+00 1.255835401183185707e-01
0.000000000000000000e+00 1.318686179532081448e-01
0.000000000000000000e+00 1.380263047062613990e-01
0.000000000000000000e+00 1.336673712460785257e-01
0.000000000000000000e+00 1.253130426644413764e-01
0.000000000000000000e+00 1.159399105966466559e-01
0.000000000000000000e+00 1.167059108978776433e-01
0.000000000000000000e+00 1.374261990747484563e-01
0.000000000000000000e+00 1.354283552225785392e-01
0.000000000000000000e+00 1.485182041169949840e-01
0.000000000000000000e+00 1.460037463217278286e-01
0.000000000000000000e+00 1.491232992599162699e-01
0.000000000000000000e+00 1.521661150504890481e-01
0.000000000000000000e+00 1.389908019072072509e-01
0.000000000000000000e+00 1.340260747014145881e-01
0.000000000000000000e+00 1.262225613467279073e-01
0.000000000000000000e+00 1.156271892005028556e-01
0.000000000000000000e+00 1.181354774310436340e-01
0.000000000000000000e+00 1.267746481709763895e-01
0.000000000000000000e+00 1.311030205959161921e-01
0.000000000000000000e+00 1.417756343538372210e-01
0.000000000000000000e+00 1.338562764228785340e-01
0.000000000000000000e+00 1.442526745347622319e-01
0.000000000000000000e+00 1.438151316245758482e-01
0.000000000000000000e+00 1.425853516783446295e-01
0.000000000000000000e+00 1.525501582396215361e-01
0.000000000000000000e+00 1.378155545913087865e-01
0.000000000000000000e+00 1.560728896466135884e-01
0.000000000000000000e+00 1.603016301054212833e-01
0.000000000000000000e+00 1.482641325763094931e-01
0.000000000000000000e+00 1.489283164823615169e-01
0.000000000000000000e+00 1.646537629280792892e-01
0.000000000000000000e+00 1.734462587620655971e-01
0.000000000000000000e+00 1.622924067982551288e-01
0.000000000000000000e+00 1.449841102755559663e-01
0.000000000000000000e+00 1.426944051316102191e-01
0.000000000000000000e+00 1.535188817040131215e-01
0.000000000000000000e+00 1.434647494311913907e-01
0.000000000000000000e+00 1.374500834534417570e-01
0.000000000000000000e+00 1.269076199685315876e-01
0.000000000000000000e+00 1.082326369012825973e-01
0.000000000000000000e+00 1.209705105401801262e-01
0.000000000000000000e+00 1.353599922683281220e-01
0.000000000000000000e+00 1.291224126693771845e-01
0.000000000000000000e+00 1.318738048459496548e-01
0.000000000000000000e+00 1.378557413958120259e-01
0.000000000000000000e+00 1.245570610036514647e-01
0.000000000000000000e+00 1.283346187434684094e-01
0.000000000000000000e+00 1.314768658221823761e-01
0.000000000000000000e+00 1.342411459407651386e-01
0.000000000000000000e+00 1.269196206189795728e-01
0.000000000000000000e+00 1.297400428032648434e-01
0.000000000000000000e+00 1.227611398365825585e-01
0.000000000000000000e+00 1.190418831901370045e-01
0.000000000000000000e+00 1.332991681416887397e-01
0.000000000000000000e+00 1.272073666811438242e-01
0.000000000000000000e+00 1.231294287899327433e-01
0.000000000000000000e+00 1.288330451391012377e-01
0.000000000000000000e+00 1.318175744372780123e-01
0.000000000000000000e+00 1.206437071663142152e-01
0.000000000000000000e+00 1.238930657505115107e-01
0.000000000000000000e+00 1.267659606694135632e-01
0.000000000000000000e+00 1.257037366233075271e-01
0.000000000000000000e+00 1.250247813014426779e-01
0.000000000000000000e+00 1.339104604137743293e-01
0.000000000000000000e+00 1.358297959951881573e-01
0.000000000000000000e+00 1.272115213741741580e-01
0.000000000000000000e+00 1.316097304767728238e-01
0.000000000000000000e+00 1.213862714522717795e-01
0.000000000000000000e+00 1.253560712937882571e-01
0.000000000000000000e+00 1.324097744695650336e-01
0.000000000000000000e+00 1.390207739016016963e-01
0.000000000000000000e+00 1.460505141388415973e-01
0.000000000000000000e+00 1.279704653157212324e-01
0.000000000000000000e+00 1.148073195965745447e-01
0.000000000000000000e+00 1.061693357479628341e-01
0.000000000000000000e+00 1.194946209205124121e-01
0.000000000000000000e+00 1.201238719269165783e-01
0.000000000000000000e+00 1.234553371693902085e-01
0.000000000000000000e+00 1.142262131659953495e-01
0.000000000000000000e+00 1.155634890217261956e-01
0.000000000000000000e+00 1.178881000518308825e-01
0.000000000000000000e+00 1.211777475898874745e-01
0.000000000000000000e+00 1.306573570729653577e-01
0.000000000000000000e+00 1.397596318321076836e-01
0.000000000000000000e+00 1.340373224661304541e-01
0.000000000000000000e+00 1.416156095144767979e-01
0.000000000000000000e+00 1.328392783853719061e-01
0.000000000000000000e+00 1.221481116881593110e-01
0.000000000000000000e+00 1.101957449635322522e-01
0.000000000000000000e+00 1.101804664200307510e-01
0.000000000000000000e+00 1.180362882638616301e-01
0.000000000000000000e+00 1.081933186069337222e-01
0.000000000000000000e+00 1.046294705594492669e-01
0.000000000000000000e+00 1.139116386136310860e-01
0.000000000000000000e+00 9.834466387775912810e-02
0.000000000000000000e+00 1.138674241292519373e-01
0.000000000000000000e+00 1.197799935957816059e-01
0.000000000000000000e+00 1.102134247844995529e-01
0.000000000000000000e+00 1.023368881672125641e-01
0.000000000000000000e+00 9.743894659990735840e-02
0.000000000000000000e+00 1.083642369371639880e-01
0.000000000000000000e+00 1.259662541590862717e-01
0.000000000000000000e+00 1.169726467623542904e-01
0.000000000000000000e+00 1.083291417187945138e-01
0.000000000000000000e+00 1.030021898727095236e-01
0.000000000000000000e+00 1.129242350010795926e-01
0.000000000000000000e+00 1.185476383221411995e-01
0.000000000000000000e+00 1.220743444145924866e-01
0.000000000000000000e+00 1.188328075199897582e-01
0.000000000000000000e+00 1.216320497925349742e-01
0.000000000000000000e+00 1.214961410736907915e-01
0.000000000000000000e+00 1.282216674896434483e-01
0.000000000000000000e+00 1.222994482742307820e-01
0.000000000000000000e+00 1.285563633379970816e-01
0.000000000000000000e+00 1.246479693461873262e-01
0.000000000000000000e+00 1.312519580364962801e-01
0.000000000000000000e+00 1.268181170626695164e-01
0.000000000000000000e+00 1.244395677375917941e-01
0.000000000000000000e+00 1.457422667186197007e-01
0.000000000000000000e+00 1.336539204045394391e-01
0.000000000000000000e+00 1.279971699556045339e-01
0.000000000000000000e+00 1.294945066398577038e-01
0.000000000000000000e+00 1.251176054916532110e-01
0.000000000000000000e+00 1.176730811505155710e-01
0.000000000000000000e+00 1.144431506240306401e-01
0.000000000000000000e+00 1.129335527584605092e-01
0.000000000000000000e+00 1.111892937890910232e-01
0.000000000000000000e+00 1.120162955093313567e-01
0.000000000000000000e+00 1.039191594409773489e-01
0.000000000000000000e+00 9.843204788419609996e-02
0.000000000000000000e+00 9.420158492855924826e-02
0.000000000000000000e+00 7.558780695807115757e-02
0.000000000000000000e+00 7.285625809418953824e-02
0.000000000000000000e+00 4.022435330905239220e-02
