1.000000000000000000e+00 7.548045008190163996e-01
2.000000000000000000e+00 1.447186626792968278e+00
3.000000000000000000e+00 1.980199412593945940e+00
4.000000000000000000e+00 2.493726558453754460e+00
5.000000000000000000e+00 2.896414692527749413e+00
6.000000000000000000e+00 3.372294690474783696e+00
7.000000000000000000e+00 3.669594815777658336e+00
8.000000000000000000e+00 3.942271377122148479e+00
9.000000000000000000e+00 4.205387693747668187e+00
1.000000000000000000e+01 4.497063199401717171e+00
1.100000000000000000e+01 4.714007274940446912e+00
1.200000000000000000e+01 4.913638227631917488e+00
1.300000000000000000e+01 5.118365545058287225e+00
1.400000000000000000e+01 5.342924739261771805e+00
1.500000000000000000e+01 5.500570515978036923e+00
1.600000000000000000e+01 5.641253175533335273e+00
1.700000000000000000e+01 5.738563400257620017e+00
1.800000000000000000e+01 5.862343780498719958e+00
1.900000000000000000e+01 6.017727210932102722e+00
2.000000000000000000e+01 6.134530198612745622e+00
2.100000000000000000e+01 6.276625480161216686e+00
2.200000000000000000e+01 6.376152330392912404e+00
2.300000000000000000e+01 6.493398980528938935e+00
2.400000000000000000e+01 6.588159975421828740e+00
2.500000000000000000e+01 6.608916136546117315e+00
2.600000000000000000e+01 6.765293975167357310e+00
2.700000000000000000e+01 6.897586416514712937e+00
2.800000000000000000e+01 7.002860306575921179e+00
2.900000000000000000e+01 7.096962468443909877e+00
3.000000000000000000e+01 7.125388321566211935e+00
3.100000000000000000e+01 7.149258377597763392e+00
3.200000000000000000e+01 7.247852057174434037e+00
3.300000000000000000e+01 7.313703653698239826e+00
3.400000000000000000e+01 7.373596537635796366e+00
3.500000000000000000e+01 7.499464643725262114e+00
3.600000000000000000e+01 7.480812073898571057e+00
3.700000000000000000e+01 7.459844004271681150e+00
3.800000000000000000e+01 7.508600840875856441e+00
3.900000000000000000e+01 7.521334123017493489e+00
4.000000000000000000e+01 7.624500068123312602e+00
4.100000000000000000e+01 7.683913488746188847e+00
4.200000000000000000e+01 7.872460131703526542e+00
4.300000000000000000e+01 7.924291460330972647e+00
4.400000000000000000e+01 7.962358806315289250e+00
4.500000000000000000e+01 7.997651028865651490e+00
4.600000000000000000e+01 8.065379061336953370e+00
4.700000000000000000e+01 8.120377279048703656e+00
4.800000000000000000e+01 8.136762885495851805e+00
4.900000000000000000e+01 8.229834260686775593e+00
5.000000000000000000e+01 8.346803063200329831e+00
5.100000000000000000e+01 8.411104168487455013e+00
5.200000000000000000e+01 8.472161473230290341e+00
5.300000000000000000e+01 8.469133846977438651e+00
5.400000000000000000e+01 8.493580173467327299e+00
5.500000000000000000e+01 8.541661898088715787e+00
5.600000000000000000e+01 8.617487706518364377e+00
5.700000000000000000e+01 8.731134705865228440e+00
5.800000000000000000e+01 8.802791788560648811e+00
5.900000000000000000e+01 8.791465965897224066e+00
6.000000000000000000e+01 8.829114653273286706e+00
6.100000000000000000e+01 8.831359495007896854e+00
6.200000000000000000e+01 8.843160801828899409e+00
6.300000000000000000e+01 8.893954104132939520e+00
6.400000000000000000e+01 8.920840381009201181e+00
6.500000000000000000e+01 8.974363437323649606e+00
6.600000000000000000e+01 9.093359649116569798e+00
6.700000000000000000e+01 9.165727456668445683e+00
6.800000000000000000e+01 9.172661177685688116e+00
6.900000000000000000e+01 9.235588892356537016e+00
7.000000000000000000e+01 9.225323514072334419e+00
7.100000000000000000e+01 9.262472334525904571e+00
7.200000000000000000e+01 9.318934208539209507e+00
7.300000000000000000e+01 9.291032588162243755e+00
7.400000000000000000e+01 9.247476835753710489e+00
7.500000000000000000e+01 9.254046478051899172e+00
7.600000000000000000e+01 9.327319286676628352e+00
7.700000000000000000e+01 9.339828467415093982e+00
7.800000000000000000e+01 9.349816970589596821e+00
7.900000000000000000e+01 9.419285601098875915e+00
8.000000000000000000e+01 9.460403859113551306e+00
8.100000000000000000e+01 9.455364063360571336e+00
8.200000000000000000e+01 9.447666149683200842e+00
8.300000000000000000e+01 9.523275843816207953e+00
8.400000000000000000e+01 9.558022584617926753e+00
8.500000000000000000e+01 9.590235771603511594e+00
8.600000000000000000e+01 9.598218108525662373e+00
8.700000000000000000e+01 9.559617253428600137e+00
8.800000000000000000e+01 9.642403799821735788e+00
8.900000000000000000e+01 9.615575022827435703e+00
9.000000000000000000e+01 9.588163182352294811e+00
9.100000000000000000e+01 9.556777365896740761e+00
9.200000000000000000e+01 9.596305239289923961e+00
9.300000000000000000e+01 9.654759344691058232e+00
9.400000000000000000e+01 9.710600666867271968e+00
9.500000000000000000e+01 9.684301828505661902e+00
9.600000000000000000e+01 9.713887999782869542e+00
9.700000000000000000e+01 9.769316960631977409e+00
9.800000000000000000e+01 9.832498723307045552e+00
9.900000000000000000e+01 9.834853982103975767e+00
1.000000000000000000e+02 9.863387107602383352e+00
1.010000000000000000e+02 9.895211325106739508e+00
1.020000000000000000e+02 9.995191570923115165e+00
1.030000000000000000e+02 1.008173598633429613e+01
1.040000000000000000e+02 1.011434377839819554e+01
1.050000000000000000e+02 1.011162359220503681e+01
1.060000000000000000e+02 1.013064447119466749e+01
1.070000000000000000e+02 1.023175549488134095e+01
1.080000000000000000e+02 1.027121240795407253e+01
1.090000000000000000e+02 1.026173678854645743e+01
1.100000000000000000e+02 1.032571064696617924e+01
1.110000000000000000e+02 1.035754050438175078e+01
1.120000000000000000e+02 1.032493488382212554e+01
1.130000000000000000e+02 1.032287634565471279e+01
1.140000000000000000e+02 1.024423782947008732e+01
1.150000000000000000e+02 1.031729012960516734e+01
1.160000000000000000e+02 1.032249302666126844e+01
1.170000000000000000e+02 1.031263888987870381e+01
1.180000000000000000e+02 1.043001126818994706e+01
1.190000000000000000e+02 1.036924789064137009e+01
1.200000000000000000e+02 1.035400969480796896e+01
1.210000000000000000e+02 1.035789355253094968e+01
1.220000000000000000e+02 1.035609973262743644e+01
1.230000000000000000e+02 1.035891626117226849e+01
1.240000000000000000e+02 1.044198706350246120e+01
1.250000000000000000e+02 1.044686258134518297e+01
1.260000000000000000e+02 1.045576401672480671e+01
1.270000000000000000e+02 1.044198241206706257e+01
1.280000000000000000e+02 1.051164994698605781e+01
1.290000000000000000e+02 1.054687998264973992e+01
1.300000000000000000e+02 1.060227637640709730e+01
1.310000000000000000e+02 1.058520399658507927e+01
1.320000000000000000e+02 1.053275971567779834e+01
1.330000000000000000e+02 1.045361514081048071e+01
1.340000000000000000e+02 1.051760003983054048e+01
1.350000000000000000e+02 1.047539206008217150e+01
1.360000000000000000e+02 1.048916500002418850e+01
1.370000000000000000e+02 1.051484340633427550e+01
1.380000000000000000e+02 1.055905538596874749e+01
1.390000000000000000e+02 1.059042410137220358e+01
1.400000000000000000e+02 1.064898187794280915e+01
1.410000000000000000e+02 1.066276127002960727e+01
1.420000000000000000e+02 1.060306515345016365e+01
1.430000000000000000e+02 1.049960593145782894e+01
1.440000000000000000e+02 1.050030498179224203e+01
1.450000000000000000e+02 1.054938449706189196e+01
1.460000000000000000e+02 1.052920617370582512e+01
1.470000000000000000e+02 1.058750908602213059e+01
1.480000000000000000e+02 1.051601959906183126e+01
1.490000000000000000e+02 1.049370173610884827e+01
1.500000000000000000e+02 1.054207751829290807e+01
1.510000000000000000e+02 1.054582519962266574e+01
1.520000000000000000e+02 1.056112131635503282e+01
1.530000000000000000e+02 1.060193623924164363e+01
1.540000000000000000e+02 1.068124733377678304e+01
1.550000000000000000e+02 1.068963733251086268e+01
1.560000000000000000e+02 1.065557427896036202e+01
1.570000000000000000e+02 1.074069412243446386e+01
1.580000000000000000e+02 1.075000515430304837e+01
1.590000000000000000e+02 1.078331513567354527e+01
1.600000000000000000e+02 1.081856409122620732e+01
1.610000000000000000e+02 1.087494671643680277e+01
1.620000000000000000e+02 1.086078117447055114e+01
1.630000000000000000e+02 1.085527691619567925e+01
1.640000000000000000e+02 1.085201866399317261e+01
1.650000000000000000e+02 1.084799625950888746e+01
1.660000000000000000e+02 1.084809888090405039e+01
1.670000000000000000e+02 1.091990310825931587e+01
1.680000000000000000e+02 1.089749931419513729e+01
1.690000000000000000e+02 1.090588952852492710e+01
1.700000000000000000e+02 1.097767148371065282e+01
1.710000000000000000e+02 1.104475712462978443e+01
1.720000000000000000e+02 1.102624350889007410e+01
1.730000000000000000e+02 1.101253323571608433e+01
1.740000000000000000e+02 1.101808348853885811e+01
1.750000000000000000e+02 1.104400917695911488e+01
1.760000000000000000e+02 1.111708275290026471e+01
1.770000000000000000e+02 1.113449077666158260e+01
1.780000000000000000e+02 1.118851064856032984e+01
1.790000000000000000e+02 1.112957440844044754e+01
1.800000000000000000e+02 1.106262429621797594e+01
1.810000000000000000e+02 1.100067978120302215e+01
1.820000000000000000e+02 1.095158227106784921e+01
1.830000000000000000e+02 1.096675035752990190e+01
1.840000000000000000e+02 1.104367002777391527e+01
1.850000000000000000e+02 1.102393467975770847e+01
1.860000000000000000e+02 1.102775970475646261e+01
1.870000000000000000e+02 1.098423894463611461e+01
1.880000000000000000e+02 1.099504525805554955e+01
1.890000000000000000e+02 1.098655499436612182e+01
1.900000000000000000e+02 1.108068240793926762e+01
1.910000000000000000e+02 1.100789345199657099e+01
1.920000000000000000e+02 1.103218421292176643e+01
1.930000000000000000e+02 1.099650822809181960e+01
1.940000000000000000e+02 1.098444204497530841e+01
1.950000000000000000e+02 1.104735801098192383e+01
1.960000000000000000e+02 1.101159655361846212e+01
1.970000000000000000e+02 1.100041159619650699e+01
1.980000000000000000e+02 1.097786447923104092e+01
1.990000000000000000e+02 1.093735704286894261e+01
2.000000000000000000e+02 1.089694710382803144e+01
2.010000000000000000e+02 1.091118148447597491e+01
2.020000000000000000e+02 1.088503631950380246e+01
2.030000000000000000e+02 1.092956319915089480e+01
2.040000000000000000e+02 1.092010563610782192e+01
2.050000000000000000e+02 1.090890369151163242e+01
2.060000000000000000e+02 1.098038730028707199e+01
2.070000000000000000e+02 1.099931093030069995e+01
2.080000000000000000e+02 1.096586674025851416e+01
2.090000000000000000e+02 1.094500323826973620e+01
2.100000000000000000e+02 1.094400487082068985e+01
2.110000000000000000e+02 1.101323814007788293e+01
2.120000000000000000e+02 1.103226482474578773e+01
2.130000000000000000e+02 1.100597236537922363e+01
2.140000000000000000e+02 1.099271999973184677e+01
2.150000000000000000e+02 1.098876931215263575e+01
2.160000000000000000e+02 1.103266555637118351e+01
2.170000000000000000e+02 1.103264537321464189e+01
2.180000000000000000e+02 1.100228964617898164e+01
2.190000000000000000e+02 1.104290622834846758e+01
2.200000000000000000e+02 1.106010514589190130e+01
2.210000000000000000e+02 1.107665475950918754e+01
2.220000000000000000e+02 1.103634133710845155e+01
2.230000000000000000e+02 1.110092671338719050e+01
2.240000000000000000e+02 1.109680219937602352e+01
2.250000000000000000e+02 1.112643926038222020e+01
2.260000000000000000e+02 1.104700002331917297e+01
2.270000000000000000e+02 1.100204575075742852e+01
2.280000000000000000e+02 1.101060326073376494e+01
2.290000000000000000e+02 1.104414114270597480e+01
2.300000000000000000e+02 1.101652351989298140e+01
2.310000000000000000e+02 1.100730806950364205e+01
2.320000000000000000e+02 1.098093410933006986e+01
2.330000000000000000e+02 1.100059149749139564e+01
2.340000000000000000e+02 1.106448857797146346e+01
2.350000000000000000e+02 1.109729006743553548e+01
2.360000000000000000e+02 1.111523190235143410e+01
2.370000000000000000e+02 1.117062599826426705e+01
2.380000000000000000e+02 1.110275658067879156e+01
2.390000000000000000e+02 1.110425192764679103e+01
2.400000000000000000e+02 1.112868774732361210e+01
2.410000000000000000e+02 1.104623773075432780e+01
2.420000000000000000e+02 1.105911816924637847e+01
2.430000000000000000e+02 1.107048011665477105e+01
2.440000000000000000e+02 1.110023813980824592e+01
2.450000000000000000e+02 1.115202551059204161e+01
2.460000000000000000e+02 1.118952818515991510e+01
2.470000000000000000e+02 1.111449743469327167e+01
2.480000000000000000e+02 1.114832810041245637e+01
2.490000000000000000e+02 1.113522209447523004e+01
2.500000000000000000e+02 1.113729895593243491e+01
2.510000000000000000e+02 1.117295430082336161e+01
2.520000000000000000e+02 1.117091096994744248e+01
2.530000000000000000e+02 1.110669320209599142e+01
2.540000000000000000e+02 1.110186351376557390e+01
2.550000000000000000e+02 1.111765155349777956e+01
2.560000000000000000e+02 1.113219730067960178e+01
2.570000000000000000e+02 1.108128794946970785e+01
2.580000000000000000e+02 1.109493511122870046e+01
2.590000000000000000e+02 1.118965016298060711e+01
2.600000000000000000e+02 1.121602735980552623e+01
2.610000000000000000e+02 1.126848789214787949e+01
2.620000000000000000e+02 1.123645543456138007e+01
2.630000000000000000e+02 1.124923790860596995e+01
2.640000000000000000e+02 1.124902911359349034e+01
2.650000000000000000e+02 1.121158206402557411e+01
2.660000000000000000e+02 1.120450421382712669e+01
2.670000000000000000e+02 1.117769064275294788e+01
2.680000000000000000e+02 1.122937511239374864e+01
2.690000000000000000e+02 1.121423154416453549e+01
2.700000000000000000e+02 1.125073395935483056e+01
2.710000000000000000e+02 1.119790468546842632e+01
2.720000000000000000e+02 1.123848305429265260e+01
2.730000000000000000e+02 1.124986708065136654e+01
2.740000000000000000e+02 1.125266517504526043e+01
2.750000000000000000e+02 1.123433163572395266e+01
2.760000000000000000e+02 1.128219712503133820e+01
2.770000000000000000e+02 1.131279973653109039e+01
2.780000000000000000e+02 1.131330408160086343e+01
2.790000000000000000e+02 1.130142978168853318e+01
2.800000000000000000e+02 1.129357974262769915e+01
2.810000000000000000e+02 1.127812254503797362e+01
2.820000000000000000e+02 1.134574275483986305e+01
2.830000000000000000e+02 1.130669617376011260e+01
2.840000000000000000e+02 1.126572254762168512e+01
2.850000000000000000e+02 1.126588327044523119e+01
2.860000000000000000e+02 1.131194518969329543e+01
2.870000000000000000e+02 1.127780644740631644e+01
2.880000000000000000e+02 1.120404184604128872e+01
2.890000000000000000e+02 1.112176750235165024e+01
2.900000000000000000e+02 1.109831645294188718e+01
2.910000000000000000e+02 1.111766036251883172e+01
2.920000000000000000e+02 1.109209603648890052e+01
2.930000000000000000e+02 1.111350279832468146e+01
2.940000000000000000e+02 1.108422402718565714e+01
2.950000000000000000e+02 1.110644835481662795e+01
2.960000000000000000e+02 1.109120297026015045e+01
2.970000000000000000e+02 1.109955057466880746e+01
2.980000000000000000e+02 1.111128025296583921e+01
2.990000000000000000e+02 1.110413416015000543e+01
3.000000000000000000e+02 1.110018420027300934e+01
3.010000000000000000e+02 1.108691015942731184e+01
3.020000000000000000e+02 1.106143986595695239e+01
3.030000000000000000e+02 1.112784665448167409e+01
3.040000000000000000e+02 1.113326003315364865e+01
3.050000000000000000e+02 1.120352627658176203e+01
3.060000000000000000e+02 1.121814315763765357e+01
3.070000000000000000e+02 1.116428234272515141e+01
3.080000000000000000e+02 1.113304033861374087e+01
3.090000000000000000e+02 1.113996628361758034e+01
3.100000000000000000e+02 1.117364148622426256e+01
3.110000000000000000e+02 1.119424094924249680e+01
3.120000000000000000e+02 1.113755927168222648e+01
3.130000000000000000e+02 1.110897356921614509e+01
3.140000000000000000e+02 1.108141731708664324e+01
3.150000000000000000e+02 1.111201102696846732e+01
3.160000000000000000e+02 1.107940656808381519e+01
3.170000000000000000e+02 1.106828348079874580e+01
3.180000000000000000e+02 1.103565157606897174e+01
3.190000000000000000e+02 1.100124595918164161e+01
3.200000000000000000e+02 1.097470463049115885e+01
3.210000000000000000e+02 1.095066678166257113e+01
3.220000000000000000e+02 1.098699877408183845e+01
3.230000000000000000e+02 1.100158913502350977e+01
3.240000000000000000e+02 1.102935246602998909e+01
3.250000000000000000e+02 1.104697163064717458e+01
3.260000000000000000e+02 1.104281355363873018e+01
3.270000000000000000e+02 1.105391181789554622e+01
3.280000000000000000e+02 1.101158572851336537e+01
3.290000000000000000e+02 1.101517433571027915e+01
3.300000000000000000e+02 1.102208261654700827e+01
3.310000000000000000e+02 1.100682384503219247e+01
3.320000000000000000e+02 1.097640268974358690e+01
3.330000000000000000e+02 1.100161114700681253e+01
3.340000000000000000e+02 1.097913267319847996e+01
3.350000000000000000e+02 1.094265775218378423e+01
3.360000000000000000e+02 1.093982617153471359e+01
3.370000000000000000e+02 1.090023356759026818e+01
3.380000000000000000e+02 1.085816877005504288e+01
3.390000000000000000e+02 1.092255841447700782e+01
3.400000000000000000e+02 1.089526684062355422e+01
3.410000000000000000e+02 1.087806764532569126e+01
3.420000000000000000e+02 1.084860535421469407e+01
3.430000000000000000e+02 1.092273107264871257e+01
3.440000000000000000e+02 1.090847348436860287e+01
3.450000000000000000e+02 1.092635815484506345e+01
3.460000000000000000e+02 1.083246449820634005e+01
3.470000000000000000e+02 1.082863502985787463e+01
3.480000000000000000e+02 1.086587474001532527e+01
3.490000000000000000e+02 1.084060939756725084e+01
3.500000000000000000e+02 1.082386842111294101e+01
3.510000000000000000e+02 1.090382881842037577e+01
3.520000000000000000e+02 1.085513340698879858e+01
3.530000000000000000e+02 1.085476742605664136e+01
3.540000000000000000e+02 1.089441113964721097e+01
3.550000000000000000e+02 1.092706681245138434e+01
3.560000000000000000e+02 1.091245081961376862e+01
3.570000000000000000e+02 1.088538682571627625e+01
3.580000000000000000e+02 1.084110532583119024e+01
3.590000000000000000e+02 1.080612353207813214e+01
3.600000000000000000e+02 1.082031289199550095e+01
3.610000000000000000e+02 1.084076544095588268e+01
3.620000000000000000e+02 1.083884953692727215e+01
3.630000000000000000e+02 1.085951515341244544e+01
3.640000000000000000e+02 1.084117122543483269e+01
3.650000000000000000e+02 1.084835464652412540e+01
3.660000000000000000e+02 1.080245052769207348e+01
3.670000000000000000e+02 1.078921336771966111e+01
3.680000000000000000e+02 1.078245260781084447e+01
3.690000000000000000e+02 1.072715386994101650e+01
3.700000000000000000e+02 1.078115984754213130e+01
3.710000000000000000e+02 1.076460132327636643e+01
3.720000000000000000e+02 1.073090972193525516e+01
3.730000000000000000e+02 1.072995980306270702e+01
3.740000000000000000e+02 1.066566195067848533e+01
3.750000000000000000e+02 1.062372577655280637e+01
3.760000000000000000e+02 1.057375992724328917e+01
3.770000000000000000e+02 1.050264199312436020e+01
3.780000000000000000e+02 1.045951553029111736e+01
3.790000000000000000e+02 1.047142579642691196e+01
3.800000000000000000e+02 1.044754676635390211e+01
3.810000000000000000e+02 1.050150713505440692e+01
3.820000000000000000e+02 1.039646965818231905e+01
3.830000000000000000e+02 1.037783807974238748e+01
3.840000000000000000e+02 1.038844622545097529e+01
3.850000000000000000e+02 1.035834665890897099e+01
3.860000000000000000e+02 1.037436473450934393e+01
3.870000000000000000e+02 1.037926632389609871e+01
3.880000000000000000e+02 1.038589526718017275e+01
3.890000000000000000e+02 1.032627884183243161e+01
3.900000000000000000e+02 1.026793700894906891e+01
3.910000000000000000e+02 1.023910818015916036e+01
3.920000000000000000e+02 1.026948156110773347e+01
3.930000000000000000e+02 1.033419024465195868e+01
3.940000000000000000e+02 1.034942201586187949e+01
3.950000000000000000e+02 1.040007308312294043e+01
3.960000000000000000e+02 1.041843133054934434e+01
3.970000000000000000e+02 1.041096366920692162e+01
3.980000000000000000e+02 1.035100190781780860e+01
3.990000000000000000e+02 1.033941926698865643e+01
4.000000000000000000e+02 1.033382480203138343e+01
4.010000000000000000e+02 1.031559507427083489e+01
4.020000000000000000e+02 1.028226664104072086e+01
4.030000000000000000e+02 1.021377864986180306e+01
4.040000000000000000e+02 1.011946581739386275e+01
4.050000000000000000e+02 1.011589616561025906e+01
4.060000000000000000e+02 1.002447097854176050e+01
4.070000000000000000e+02 9.992269688971719077e+00
4.080000000000000000e+02 9.961168207125092877e+00
4.090000000000000000e+02 9.934388243797155127e+00
4.100000000000000000e+02 9.931031924886305262e+00
4.110000000000000000e+02 9.963026955976166832e+00
4.120000000000000000e+02 9.900960093304027154e+00
4.130000000000000000e+02 9.909383787747453098e+00
4.140000000000000000e+02 9.873181879015756834e+00
4.150000000000000000e+02 9.877152734743278373e+00
4.160000000000000000e+02 9.951324802795070923e+00
4.170000000000000000e+02 9.901289136297691584e+00
4.180000000000000000e+02 9.856781188534290195e+00
4.190000000000000000e+02 9.875372793376397951e+00
4.200000000000000000e+02 9.823182820503241430e+00
4.210000000000000000e+02 9.856952935280610006e+00
4.220000000000000000e+02 9.869344108974670959e+00
4.230000000000000000e+02 9.809049576015725691e+00
4.240000000000000000e+02 9.786621064320813801e+00
4.250000000000000000e+02 9.776994192146014839e+00
4.260000000000000000e+02 9.733905084643437178e+00
4.270000000000000000e+02 9.726425405294282456e+00
4.280000000000000000e+02 9.674491147022784787e+00
4.290000000000000000e+02 9.641004443748999009e+00
4.300000000000000000e+02 9.664119438050569499e+00
4.310000000000000000e+02 9.611855752835394284e+00
4.320000000000000000e+02 9.599117262363723313e+00
4.330000000000000000e+02 9.636270336866855857e+00
4.340000000000000000e+02 9.590927960305375422e+00
4.350000000000000000e+02 9.566988415204161100e+00
4.360000000000000000e+02 9.545234514812023008e+00
4.370000000000000000e+02 9.536811266383868002e+00
4.380000000000000000e+02 9.490656294709330254e+00
4.390000000000000000e+02 9.451438990570000698e+00
4.400000000000000000e+02 9.406090846608924139e+00
4.410000000000000000e+02 9.380290605567966011e+00
4.420000000000000000e+02 9.349684475130899841e+00
4.430000000000000000e+02 9.280115319711571331e+00
4.440000000000000000e+02 9.328194241696209588e+00
4.450000000000000000e+02 9.246898500895872175e+00
4.460000000000000000e+02 9.186119571168415376e+00
4.470000000000000000e+02 9.193790236506456992e+00
4.480000000000000000e+02 9.093088976310692573e+00
4.490000000000000000e+02 9.072914161235663855e+00
4.500000000000000000e+02 8.970789421823283760e+00
4.510000000000000000e+02 8.954601762724026415e+00
4.520000000000000000e+02 8.908606634384351963e+00
4.530000000000000000e+02 8.822733066752661557e+00
4.540000000000000000e+02 8.789021391743249367e+00
4.550000000000000000e+02 8.729013688941371640e+00
4.560000000000000000e+02 8.662739671954891918e+00
4.570000000000000000e+02 8.609291400774122138e+00
4.580000000000000000e+02 8.600852573526271527e+00
4.590000000000000000e+02 8.553620186886746524e+00
4.600000000000000000e+02 8.453275879918209057e+00
4.610000000000000000e+02 8.371386401483283279e+00
4.620000000000000000e+02 8.389042570655057318e+00
4.630000000000000000e+02 8.342259175022663342e+00
4.640000000000000000e+02 8.302826451799306895e+00
4.650000000000000000e+02 8.273445746137955581e+00
4.660000000000000000e+02 8.275570420542299743e+00
4.670000000000000000e+02 8.231969835510827949e+00
4.680000000000000000e+02 8.229325306434050802e+00
4.690000000000000000e+02 8.200534831810564640e+00
4.700000000000000000e+02 8.101156722945413335e+00
4.710000000000000000e+02 8.053660812375714073e+00
4.720000000000000000e+02 7.964901588877566496e+00
4.730000000000000000e+02 7.918941517565828647e+00
4.740000000000000000e+02 7.888001550459388334e+00
4.750000000000000000e+02 7.757515557654868665e+00
4.760000000000000000e+02 7.626404406273493919e+00
4.770000000000000000e+02 7.529463823131772315e+00
4.780000000000000000e+02 7.475439365419696891e+00
4.790000000000000000e+02 7.429411093462965354e+00
4.800000000000000000e+02 7.399489172928499059e+00
4.810000000000000000e+02 7.372673233084674038e+00
4.820000000000000000e+02 7.228452610660354161e+00
4.830000000000000000e+02 7.055309833170674061e+00
4.840000000000000000e+02 7.023260700328477490e+00
4.850000000000000000e+02 6.892490377219437470e+00
4.860000000000000000e+02 6.781993443103194075e+00
4.870000000000000000e+02 6.646040117538985825e+00
4.880000000000000000e+02 6.518126874964758066e+00
4.890000000000000000e+02 6.363338234730805176e+00
4.900000000000000000e+02 6.214070676825724782e+00
4.910000000000000000e+02 6.075999920699187484e+00
4.920000000000000000e+02 5.903534370824729649e+00
4.930000000000000000e+02 5.745344361519865828e+00
4.940000000000000000e+02 5.632659994173809359e+00
4.950000000000000000e+02 5.595814360603196036e+00
4.960000000000000000e+02 5.437357347547552067e+00
4.970000000000000000e+02 5.254630060904743161e+00
4.980000000000000000e+02 5.051079940827392534e+00
4.990000000000000000e+02 4.832415673388966049e+00
5.000000000000000000e+02 4.756591413133518742e+00
5.010000000000000000e+02 4.581749287594522713e+00
5.020000000000000000e+02 4.378629450128770806e+00
5.030000000000000000e+02 4.092343264262578550e+00
5.040000000000000000e+02 3.832861457333099686e+00
5.050000000000000000e+02 3.545375932528873175e+00
5.060000000000000000e+02 3.269762055303955695e+00
5.070000000000000000e+02 2.884349670639190233e+00
5.080000000000000000e+02 2.426374997709404013e+00
5.090000000000000000e+02 1.963396243546858821e+00
5.100000000000000000e+02 1.439582865180519144e+00
5.110000000000000000e+02 8.224499015512087841e-01
