1.000000000000000000e+00 8.850994406014466298e-01
2.000000000000000000e+00 1.686152571798879674e+00
3.000000000000000000e+00 2.357151233734434026e+00
4.000000000000000000e+00 3.004171862618211897e+00
5.000000000000000000e+00 3.564872177857249191e+00
6.000000000000000000e+00 4.215357188276759537e+00
7.000000000000000000e+00 4.708403434553916966e+00
8.000000000000000000e+00 5.181391204994378441e+00
9.000000000000000000e+00 5.647098523317771956e+00
1.000000000000000000e+01 6.077878175001222516e+00
1.100000000000000000e+01 6.451600961538609624e+00
1.200000000000000000e+01 6.839538427898925299e+00
1.300000000000000000e+01 7.202081447609229414e+00
1.400000000000000000e+01 7.566416705331332260e+00
1.500000000000000000e+01 7.876696212259071572e+00
1.600000000000000000e+01 8.229011574706763810e+00
1.700000000000000000e+01 8.491971112527686216e+00
1.800000000000000000e+01 8.787996621757052651e+00
1.900000000000000000e+01 9.106961021792539412e+00
2.000000000000000000e+01 9.392018046412204058e+00
2.100000000000000000e+01 9.628491985157735300e+00
2.200000000000000000e+01 9.917880213189322447e+00
2.300000000000000000e+01 1.013285672286441930e+01
2.400000000000000000e+01 1.034021756215415166e+01
2.500000000000000000e+01 1.052394963259925120e+01
2.600000000000000000e+01 1.077886516118693905e+01
2.700000000000000000e+01 1.104377968455514214e+01
2.800000000000000000e+01 1.123256718740834081e+01
2.900000000000000000e+01 1.143881835924629264e+01
3.000000000000000000e+01 1.160758233158693109e+01
3.100000000000000000e+01 1.175684654590508060e+01
3.200000000000000000e+01 1.197796802649503967e+01
3.300000000000000000e+01 1.216163332866282687e+01
3.400000000000000000e+01 1.233374951882228920e+01
3.500000000000000000e+01 1.255165685722446511e+01
3.600000000000000000e+01 1.271769499305136897e+01
3.700000000000000000e+01 1.282678415770048730e+01
3.800000000000000000e+01 1.301255135744700553e+01
3.900000000000000000e+01 1.314817036415080587e+01
4.000000000000000000e+01 1.333377958277036157e+01
4.100000000000000000e+01 1.344314094711237573e+01
4.200000000000000000e+01 1.359031968094916465e+01
4.300000000000000000e+01 1.368041027485573480e+01
4.400000000000000000e+01 1.382305763619662642e+01
4.500000000000000000e+01 1.398218095742569211e+01
4.600000000000000000e+01 1.414228307671410256e+01
4.700000000000000000e+01 1.429226223748809232e+01
4.800000000000000000e+01 1.441993728333718217e+01
4.900000000000000000e+01 1.457899337767120684e+01
5.000000000000000000e+01 1.473762977783811934e+01
5.100000000000000000e+01 1.485511933101661342e+01
5.200000000000000000e+01 1.495396032578144485e+01
5.300000000000000000e+01 1.505445324445811472e+01
5.400000000000000000e+01 1.516398387306374929e+01
5.500000000000000000e+01 1.526147998938103179e+01
5.600000000000000000e+01 1.540253550300185026e+01
5.700000000000000000e+01 1.555844235428588007e+01
5.800000000000000000e+01 1.562572485679945444e+01
5.900000000000000000e+01 1.568715074362862971e+01
6.000000000000000000e+01 1.579255747046251201e+01
6.100000000000000000e+01 1.590119474279184786e+01
6.200000000000000000e+01 1.594168666127864142e+01
6.300000000000000000e+01 1.605287140652386313e+01
6.400000000000000000e+01 1.612807064401683022e+01
6.500000000000000000e+01 1.620033265487531082e+01
6.600000000000000000e+01 1.632485849707657266e+01
6.700000000000000000e+01 1.645493927185507488e+01
6.800000000000000000e+01 1.656677774266598036e+01
6.900000000000000000e+01 1.668652875973204885e+01
7.000000000000000000e+01 1.670988231508312083e+01
7.100000000000000000e+01 1.676012094322893020e+01
7.200000000000000000e+01 1.681141637806787514e+01
7.300000000000000000e+01 1.685043669236652164e+01
7.400000000000000000e+01 1.689987999576421984e+01
7.500000000000000000e+01 1.696754604832560887e+01
7.600000000000000000e+01 1.710345625867276453e+01
7.700000000000000000e+01 1.719069553363393510e+01
7.800000000000000000e+01 1.728128742419919561e+01
7.900000000000000000e+01 1.738495889210846457e+01
8.000000000000000000e+01 1.748634720346702309e+01
8.100000000000000000e+01 1.755128210759718144e+01
8.200000000000000000e+01 1.761548889022561326e+01
8.300000000000000000e+01 1.772983921516695460e+01
8.400000000000000000e+01 1.781542558975737478e+01
8.500000000000000000e+01 1.786590928888234941e+01
8.600000000000000000e+01 1.787262316147649699e+01
8.700000000000000000e+01 1.791566797124635713e+01
8.800000000000000000e+01 1.801570963160960304e+01
8.900000000000000000e+01 1.806009065813594106e+01
9.000000000000000000e+01 1.809141677675108539e+01
9.100000000000000000e+01 1.812010093843521830e+01
9.200000000000000000e+01 1.817664992708574090e+01
9.300000000000000000e+01 1.823825052873367980e+01
9.400000000000000000e+01 1.830302103022801319e+01
9.500000000000000000e+01 1.829746623736548727e+01
9.600000000000000000e+01 1.831859696684679406e+01
9.700000000000000000e+01 1.840157472519944193e+01
9.800000000000000000e+01 1.847317444069176418e+01
9.900000000000000000e+01 1.853405336060608377e+01
1.000000000000000000e+02 1.862337920013590420e+01
1.010000000000000000e+02 1.869893060363464343e+01
1.020000000000000000e+02 1.880799913081314401e+01
1.030000000000000000e+02 1.892058124621287263e+01
1.040000000000000000e+02 1.896244475298373189e+01
1.050000000000000000e+02 1.902034435151759340e+01
1.060000000000000000e+02 1.910093868369928316e+01
1.070000000000000000e+02 1.921181940008277778e+01
1.080000000000000000e+02 1.928219653640246634e+01
1.090000000000000000e+02 1.933367207961227763e+01
1.100000000000000000e+02 1.942464681943982185e+01
1.110000000000000000e+02 1.945455640437005584e+01
1.120000000000000000e+02 1.950493162390168322e+01
1.130000000000000000e+02 1.954529790842004289e+01
1.140000000000000000e+02 1.954747244195520750e+01
1.150000000000000000e+02 1.957538770209754730e+01
1.160000000000000000e+02 1.961372082141725670e+01
1.170000000000000000e+02 1.963118590068589597e+01
1.180000000000000000e+02 1.972496940245789432e+01
1.190000000000000000e+02 1.971920712871569137e+01
1.200000000000000000e+02 1.976253510067944674e+01
1.210000000000000000e+02 1.977008956548921503e+01
1.220000000000000000e+02 1.978008744742300351e+01
1.230000000000000000e+02 1.985481852060581076e+01
1.240000000000000000e+02 1.991143301856861925e+01
1.250000000000000000e+02 1.993092527600199304e+01
1.260000000000000000e+02 1.996642228449075063e+01
1.270000000000000000e+02 2.001618083421080740e+01
1.280000000000000000e+02 2.004964848202540395e+01
1.290000000000000000e+02 2.008915729329343947e+01
1.300000000000000000e+02 2.014674268666402668e+01
1.310000000000000000e+02 2.014315435536842358e+01
1.320000000000000000e+02 2.011904736663138138e+01
1.330000000000000000e+02 2.011828443987534598e+01
1.340000000000000000e+02 2.017152845100772396e+01
1.350000000000000000e+02 2.017005958131667498e+01
1.360000000000000000e+02 2.021196579112413616e+01
1.370000000000000000e+02 2.025796832210972198e+01
1.380000000000000000e+02 2.031790581908425253e+01
1.390000000000000000e+02 2.036836286053787504e+01
1.400000000000000000e+02 2.037011289136211900e+01
1.410000000000000000e+02 2.038528267583695452e+01
1.420000000000000000e+02 2.035830837278650307e+01
1.430000000000000000e+02 2.032833618203329706e+01
1.440000000000000000e+02 2.031419958735322240e+01
1.450000000000000000e+02 2.037615150939373265e+01
1.460000000000000000e+02 2.040088757099696437e+01
1.470000000000000000e+02 2.045708283840851038e+01
1.480000000000000000e+02 2.049145042179037191e+01
1.490000000000000000e+02 2.052059392716201813e+01
1.500000000000000000e+02 2.054122806042893501e+01
1.510000000000000000e+02 2.057859411436071184e+01
1.520000000000000000e+02 2.063483742482748795e+01
1.530000000000000000e+02 2.068507232515610994e+01
1.540000000000000000e+02 2.073619181301290837e+01
1.550000000000000000e+02 2.076454638545711973e+01
1.560000000000000000e+02 2.071694496399366869e+01
1.570000000000000000e+02 2.074946202210875867e+01
1.580000000000000000e+02 2.077041778190844212e+01
1.590000000000000000e+02 2.080003726378754436e+01
1.600000000000000000e+02 2.085535043761626284e+01
1.610000000000000000e+02 2.091587986967885726e+01
1.620000000000000000e+02 2.092776148625687682e+01
1.630000000000000000e+02 2.093589311856986512e+01
1.640000000000000000e+02 2.093349102513664306e+01
1.650000000000000000e+02 2.094809322397738072e+01
1.660000000000000000e+02 2.098286401054307504e+01
1.670000000000000000e+02 2.102762847040849081e+01
1.680000000000000000e+02 2.103407305846454634e+01
1.690000000000000000e+02 2.107664647900182686e+01
1.700000000000000000e+02 2.115041461245205312e+01
1.710000000000000000e+02 2.121675774414214999e+01
1.720000000000000000e+02 2.123332282207475785e+01
1.730000000000000000e+02 2.119423864778261546e+01
1.740000000000000000e+02 2.122477795106660636e+01
1.750000000000000000e+02 2.123530632073772040e+01
1.760000000000000000e+02 2.127766571284977104e+01
1.770000000000000000e+02 2.129852988630784338e+01
1.780000000000000000e+02 2.130727918141744581e+01
1.790000000000000000e+02 2.128894191873596142e+01
1.800000000000000000e+02 2.130589936340643931e+01
1.810000000000000000e+02 2.128114078652341234e+01
1.820000000000000000e+02 2.127930036200800146e+01
1.830000000000000000e+02 2.131761362486546574e+01
1.840000000000000000e+02 2.135658262291504883e+01
1.850000000000000000e+02 2.135200639199943495e+01
1.860000000000000000e+02 2.131618157549491954e+01
1.870000000000000000e+02 2.133415902764739158e+01
1.880000000000000000e+02 2.137165406192310257e+01
1.890000000000000000e+02 2.139918525097234081e+01
1.900000000000000000e+02 2.146277200751827152e+01
1.910000000000000000e+02 2.143496057033125624e+01
1.920000000000000000e+02 2.143349806411339387e+01
1.930000000000000000e+02 2.140333150675408902e+01
1.940000000000000000e+02 2.143285981838031162e+01
1.950000000000000000e+02 2.148088445845082717e+01
1.960000000000000000e+02 2.152750186694807510e+01
1.970000000000000000e+02 2.151642043274439686e+01
1.980000000000000000e+02 2.154609156586591112e+01
1.990000000000000000e+02 2.150986725704904856e+01
2.000000000000000000e+02 2.150532051149480495e+01
2.010000000000000000e+02 2.152026577578979527e+01
2.020000000000000000e+02 2.149139117950599598e+01
2.030000000000000000e+02 2.153421397543966620e+01
2.040000000000000000e+02 2.154795894409475210e+01
2.050000000000000000e+02 2.153242206047811891e+01
2.060000000000000000e+02 2.161879160666814670e+01
2.070000000000000000e+02 2.165490255966359001e+01
2.080000000000000000e+02 2.165088063605829305e+01
2.090000000000000000e+02 2.164325355709421217e+01
2.100000000000000000e+02 2.165746906051915133e+01
2.110000000000000000e+02 2.168896620588165902e+01
2.120000000000000000e+02 2.172053664493600067e+01
2.130000000000000000e+02 2.172414363880188759e+01
2.140000000000000000e+02 2.173650813480359290e+01
2.150000000000000000e+02 2.175097245080154096e+01
2.160000000000000000e+02 2.181510829663852036e+01
2.170000000000000000e+02 2.182017070312828722e+01
2.180000000000000000e+02 2.184179257992768441e+01
2.190000000000000000e+02 2.187733881017836524e+01
2.200000000000000000e+02 2.191715160804919194e+01
2.210000000000000000e+02 2.192821257481386610e+01
2.220000000000000000e+02 2.196703214766046131e+01
2.230000000000000000e+02 2.198656729701774992e+01
2.240000000000000000e+02 2.202958435900321632e+01
2.250000000000000000e+02 2.203914237338312887e+01
2.260000000000000000e+02 2.200630954417149709e+01
2.270000000000000000e+02 2.200658638568136283e+01
2.280000000000000000e+02 2.199869151213179919e+01
2.290000000000000000e+02 2.197945340275641257e+01
2.300000000000000000e+02 2.196008722867106400e+01
2.310000000000000000e+02 2.194811518313764509e+01
2.320000000000000000e+02 2.193621453004257660e+01
2.330000000000000000e+02 2.196793790349638797e+01
2.340000000000000000e+02 2.197261594003330742e+01
2.350000000000000000e+02 2.198270184106078773e+01
2.360000000000000000e+02 2.200152365947926114e+01
2.370000000000000000e+02 2.202817240069808591e+01
2.380000000000000000e+02 2.196275379973322117e+01
2.390000000000000000e+02 2.193068101933242176e+01
2.400000000000000000e+02 2.195236123090000646e+01
2.410000000000000000e+02 2.189989714354449646e+01
2.420000000000000000e+02 2.191222661283184436e+01
2.430000000000000000e+02 2.188668224572797527e+01
2.440000000000000000e+02 2.188753764005703673e+01
2.450000000000000000e+02 2.190871321978897157e+01
2.460000000000000000e+02 2.191731556578432105e+01
2.470000000000000000e+02 2.189672047705150959e+01
2.480000000000000000e+02 2.191392470064405629e+01
2.490000000000000000e+02 2.193090577459887314e+01
2.500000000000000000e+02 2.190068014316670286e+01
2.510000000000000000e+02 2.196732494657253199e+01
2.520000000000000000e+02 2.195116796146503901e+01
2.530000000000000000e+02 2.194244363266488307e+01
2.540000000000000000e+02 2.192460257144582059e+01
2.550000000000000000e+02 2.192998642238065088e+01
2.560000000000000000e+02 2.196445500901563719e+01
2.570000000000000000e+02 2.194429020869245761e+01
2.580000000000000000e+02 2.197609823592443234e+01
2.590000000000000000e+02 2.202790782704315120e+01
2.600000000000000000e+02 2.201427952767988927e+01
2.610000000000000000e+02 2.206127597560345777e+01
2.620000000000000000e+02 2.202290554341699647e+01
2.630000000000000000e+02 2.204015077330203454e+01
2.640000000000000000e+02 2.203893844188064577e+01
2.650000000000000000e+02 2.203619860114698170e+01
2.660000000000000000e+02 2.202254932424468592e+01
2.670000000000000000e+02 2.203824707953893380e+01
2.680000000000000000e+02 2.207916647283829903e+01
2.690000000000000000e+02 2.209848476372746973e+01
2.700000000000000000e+02 2.212908216534540173e+01
2.710000000000000000e+02 2.211334861774304272e+01
2.720000000000000000e+02 2.211708137568814792e+01
2.730000000000000000e+02 2.213320043442432805e+01
2.740000000000000000e+02 2.209817517898187589e+01
2.750000000000000000e+02 2.212139186357612175e+01
2.760000000000000000e+02 2.212647943126108530e+01
2.770000000000000000e+02 2.216070091826294330e+01
2.780000000000000000e+02 2.216697333576421158e+01
2.790000000000000000e+02 2.214161645422610647e+01
2.800000000000000000e+02 2.214582804320386700e+01
2.810000000000000000e+02 2.213851515322390284e+01
2.820000000000000000e+02 2.211452653250294986e+01
2.830000000000000000e+02 2.206881161975461580e+01
2.840000000000000000e+02 2.201888717231926762e+01
2.850000000000000000e+02 2.198490573655409008e+01
2.860000000000000000e+02 2.202233413540666618e+01
2.870000000000000000e+02 2.200058292909419322e+01
2.880000000000000000e+02 2.196202694003152089e+01
2.890000000000000000e+02 2.191486039110823469e+01
2.900000000000000000e+02 2.188153595027050002e+01
2.910000000000000000e+02 2.185200496508236512e+01
2.920000000000000000e+02 2.182243350291690476e+01
2.930000000000000000e+02 2.182348412475223753e+01
2.940000000000000000e+02 2.180547077128535349e+01
2.950000000000000000e+02 2.181632235700040923e+01
2.960000000000000000e+02 2.179405676548640258e+01
2.970000000000000000e+02 2.181014053106403949e+01
2.980000000000000000e+02 2.180962845632594949e+01
2.990000000000000000e+02 2.182441527412367677e+01
3.000000000000000000e+02 2.184968769926253529e+01
3.010000000000000000e+02 2.182649528156532526e+01
3.020000000000000000e+02 2.179253182702300151e+01
3.030000000000000000e+02 2.184661983974673660e+01
3.040000000000000000e+02 2.182357027892497925e+01
3.050000000000000000e+02 2.181547062575091189e+01
3.060000000000000000e+02 2.178898056828176166e+01
3.070000000000000000e+02 2.173615550841136823e+01
3.080000000000000000e+02 2.170603065525441622e+01
3.090000000000000000e+02 2.167064117744538976e+01
3.100000000000000000e+02 2.167169470056400726e+01
3.110000000000000000e+02 2.168800725920647565e+01
3.120000000000000000e+02 2.165603317109691517e+01
3.130000000000000000e+02 2.163309219240899139e+01
3.140000000000000000e+02 2.159079307056436292e+01
3.150000000000000000e+02 2.157906115133759073e+01
3.160000000000000000e+02 2.157613501133583966e+01
3.170000000000000000e+02 2.159390626167271421e+01
3.180000000000000000e+02 2.156320561484563569e+01
3.190000000000000000e+02 2.149310793725097923e+01
3.200000000000000000e+02 2.146712673821233608e+01
3.210000000000000000e+02 2.142755095570514356e+01
3.220000000000000000e+02 2.144387933505480959e+01
3.230000000000000000e+02 2.141722300886334551e+01
3.240000000000000000e+02 2.140908639402704949e+01
3.250000000000000000e+02 2.141151506640973778e+01
3.260000000000000000e+02 2.137550703588130929e+01
3.270000000000000000e+02 2.137712139864722971e+01
3.280000000000000000e+02 2.134953451386125067e+01
3.290000000000000000e+02 2.131354323278430485e+01
3.300000000000000000e+02 2.130970724183895371e+01
3.310000000000000000e+02 2.130514385611006389e+01
3.320000000000000000e+02 2.125630063457920471e+01
3.330000000000000000e+02 2.122771004702497066e+01
3.340000000000000000e+02 2.120669781578548196e+01
3.350000000000000000e+02 2.119963411397250042e+01
3.360000000000000000e+02 2.120335461907914620e+01
3.370000000000000000e+02 2.112548373258110246e+01
3.380000000000000000e+02 2.104043775531761895e+01
3.390000000000000000e+02 2.102931791450733812e+01
3.400000000000000000e+02 2.096063641387257093e+01
3.410000000000000000e+02 2.093252385947776872e+01
3.420000000000000000e+02 2.091377009935318654e+01
3.430000000000000000e+02 2.089740350310079009e+01
3.440000000000000000e+02 2.087676681706433968e+01
3.450000000000000000e+02 2.086199189973881474e+01
3.460000000000000000e+02 2.081804724296780051e+01
3.470000000000000000e+02 2.083352199527991644e+01
3.480000000000000000e+02 2.085327889425095549e+01
3.490000000000000000e+02 2.081449876117806852e+01
3.500000000000000000e+02 2.077053694708119735e+01
3.510000000000000000e+02 2.077599009208835668e+01
3.520000000000000000e+02 2.069704112028259857e+01
3.530000000000000000e+02 2.066112199601680288e+01
3.540000000000000000e+02 2.067131201276413321e+01
3.550000000000000000e+02 2.064053397274506807e+01
3.560000000000000000e+02 2.064554356616396902e+01
3.570000000000000000e+02 2.064532048653878959e+01
3.580000000000000000e+02 2.065732531754148482e+01
3.590000000000000000e+02 2.060730400819886654e+01
3.600000000000000000e+02 2.062324626625237300e+01
3.610000000000000000e+02 2.061457867977944858e+01
3.620000000000000000e+02 2.059413997616056236e+01
3.630000000000000000e+02 2.056296107809187390e+01
3.640000000000000000e+02 2.054266450726083804e+01
3.650000000000000000e+02 2.053873926934837968e+01
3.660000000000000000e+02 2.051220784899089011e+01
3.670000000000000000e+02 2.050041091277698158e+01
3.680000000000000000e+02 2.050347399441917773e+01
3.690000000000000000e+02 2.041880354641394391e+01
3.700000000000000000e+02 2.039427421334558588e+01
3.710000000000000000e+02 2.034940324082374730e+01
3.720000000000000000e+02 2.034651848954908715e+01
3.730000000000000000e+02 2.032047340750063569e+01
3.740000000000000000e+02 2.025013465471948493e+01
3.750000000000000000e+02 2.024270411418131133e+01
3.760000000000000000e+02 2.016818779694610342e+01
3.770000000000000000e+02 2.015184436990933392e+01
3.780000000000000000e+02 2.011885868014731926e+01
3.790000000000000000e+02 2.013454334757078712e+01
3.800000000000000000e+02 2.011661818155306136e+01
3.810000000000000000e+02 2.012669915918419861e+01
3.820000000000000000e+02 2.005172549178677954e+01
3.830000000000000000e+02 1.998868160499847590e+01
3.840000000000000000e+02 1.996556526657803232e+01
3.850000000000000000e+02 1.989992957825144160e+01
3.860000000000000000e+02 1.987960640500480380e+01
3.870000000000000000e+02 1.989272473295824284e+01
3.880000000000000000e+02 1.984874381870064752e+01
3.890000000000000000e+02 1.977239063921978612e+01
3.900000000000000000e+02 1.970829584316411243e+01
3.910000000000000000e+02 1.964219141447548012e+01
3.920000000000000000e+02 1.963165464727844167e+01
3.930000000000000000e+02 1.961000769268850163e+01
3.940000000000000000e+02 1.956413174386158360e+01
3.950000000000000000e+02 1.955634365662741558e+01
3.960000000000000000e+02 1.952456448551459900e+01
3.970000000000000000e+02 1.946460997773763779e+01
3.980000000000000000e+02 1.939685471711290532e+01
3.990000000000000000e+02 1.933709055743855032e+01
4.000000000000000000e+02 1.930809583412039743e+01
4.010000000000000000e+02 1.922958278323007875e+01
4.020000000000000000e+02 1.913573747684181114e+01
4.030000000000000000e+02 1.904703154499993190e+01
4.040000000000000000e+02 1.897482647916240950e+01
4.050000000000000000e+02 1.892778921291455774e+01
4.060000000000000000e+02 1.883855848010096778e+01
4.070000000000000000e+02 1.872224964764421884e+01
4.080000000000000000e+02 1.865851355778726273e+01
4.090000000000000000e+02 1.861113737862423534e+01
4.100000000000000000e+02 1.856727034389336239e+01
4.110000000000000000e+02 1.856172445105019264e+01
4.120000000000000000e+02 1.847411208393281612e+01
4.130000000000000000e+02 1.842305646099235972e+01
4.140000000000000000e+02 1.840300696392463209e+01
4.150000000000000000e+02 1.840972444708291889e+01
4.160000000000000000e+02 1.842367388907435455e+01
4.170000000000000000e+02 1.837562346573688643e+01
4.180000000000000000e+02 1.831243003941444769e+01
4.190000000000000000e+02 1.827526025006240928e+01
4.200000000000000000e+02 1.821690649383251071e+01
4.210000000000000000e+02 1.817253178233994149e+01
4.220000000000000000e+02 1.810629375404863950e+01
4.230000000000000000e+02 1.805477925961395513e+01
4.240000000000000000e+02 1.799399965758187392e+01
4.250000000000000000e+02 1.792345050747850621e+01
4.260000000000000000e+02 1.788389583001329797e+01
4.270000000000000000e+02 1.785751762827186795e+01
4.280000000000000000e+02 1.776869256472063441e+01
4.290000000000000000e+02 1.770859026911674761e+01
4.300000000000000000e+02 1.764177994061985189e+01
4.310000000000000000e+02 1.753772485450196328e+01
4.320000000000000000e+02 1.747688656052802614e+01
4.330000000000000000e+02 1.741596713009279540e+01
4.340000000000000000e+02 1.732666808251289225e+01
4.350000000000000000e+02 1.728236719496915086e+01
4.360000000000000000e+02 1.722455359067961211e+01
4.370000000000000000e+02 1.715647607874608482e+01
4.380000000000000000e+02 1.705446346834732196e+01
4.390000000000000000e+02 1.695380119066467017e+01
4.400000000000000000e+02 1.687622832981977794e+01
4.410000000000000000e+02 1.678716647760658631e+01
4.420000000000000000e+02 1.665770988250574547e+01
4.430000000000000000e+02 1.657393400546260764e+01
4.440000000000000000e+02 1.648502988936914448e+01
4.450000000000000000e+02 1.641042321032598039e+01
4.460000000000000000e+02 1.634740153312851163e+01
4.470000000000000000e+02 1.628911024554454912e+01
4.480000000000000000e+02 1.620240260842493996e+01
4.490000000000000000e+02 1.611533884478176049e+01
4.500000000000000000e+02 1.598789651225321506e+01
4.510000000000000000e+02 1.591157109106377199e+01
4.520000000000000000e+02 1.583037865757631479e+01
4.530000000000000000e+02 1.570046802285303222e+01
4.540000000000000000e+02 1.559079861424353197e+01
4.550000000000000000e+02 1.551149163408378584e+01
4.560000000000000000e+02 1.539802232564409401e+01
4.570000000000000000e+02 1.530303019553358013e+01
4.580000000000000000e+02 1.520537594958333116e+01
4.590000000000000000e+02 1.509039001576415018e+01
4.600000000000000000e+02 1.497209956929670760e+01
4.610000000000000000e+02 1.480553722746218881e+01
4.620000000000000000e+02 1.471744222595225082e+01
4.630000000000000000e+02 1.459455301123031035e+01
4.640000000000000000e+02 1.446798235035944913e+01
4.650000000000000000e+02 1.435271429734995507e+01
4.660000000000000000e+02 1.425439565504660777e+01
4.670000000000000000e+02 1.413227824981330549e+01
4.680000000000000000e+02 1.400124506232253374e+01
4.690000000000000000e+02 1.387338312025942599e+01
4.700000000000000000e+02 1.369777840019133741e+01
4.710000000000000000e+02 1.349940238183333641e+01
4.720000000000000000e+02 1.329906892220133052e+01
4.730000000000000000e+02 1.313591434516342105e+01
4.740000000000000000e+02 1.299443246879893721e+01
4.750000000000000000e+02 1.280912230139434804e+01
4.760000000000000000e+02 1.264690051110307145e+01
4.770000000000000000e+02 1.246825116258107080e+01
4.780000000000000000e+02 1.232258279534136669e+01
4.790000000000000000e+02 1.212086401881181885e+01
4.800000000000000000e+02 1.195949795348331435e+01
4.810000000000000000e+02 1.178979151421454397e+01
4.820000000000000000e+02 1.157981381397814324e+01
4.830000000000000000e+02 1.138815652069883555e+01
4.840000000000000000e+02 1.121642007527138141e+01
4.850000000000000000e+02 1.097030185198330088e+01
4.860000000000000000e+02 1.077149468278501310e+01
4.870000000000000000e+02 1.055486223056675144e+01
4.880000000000000000e+02 1.033112681310352521e+01
4.890000000000000000e+02 1.010348027164050322e+01
4.900000000000000000e+02 9.843979243385469147e+00
4.910000000000000000e+02 9.563833481588938312e+00
4.920000000000000000e+02 9.268206936374708604e+00
4.930000000000000000e+02 9.043980891192811455e+00
4.940000000000000000e+02 8.779166548437697060e+00
4.950000000000000000e+02 8.573008505287784686e+00
4.960000000000000000e+02 8.222142241527683026e+00
4.970000000000000000e+02 7.884307658443960420e+00
4.980000000000000000e+02 7.530894516835812347e+00
4.990000000000000000e+02 7.173479552874381326e+00
5.000000000000000000e+02 6.869686191382778695e+00
5.010000000000000000e+02 6.513046331330493821e+00
5.020000000000000000e+02 6.113476895011459966e+00
5.030000000000000000e+02 5.640441821457047311e+00
5.040000000000000000e+02 5.159888031531366437e+00
5.050000000000000000e+02 4.671483149981088268e+00
5.060000000000000000e+02 4.220853696325656657e+00
5.070000000000000000e+02 3.640589663156232003e+00
5.080000000000000000e+02 3.022434597562779768e+00
5.090000000000000000e+02 2.387779577483022386e+00
5.100000000000000000e+02 1.667307170554898077e+00
5.110000000000000000e+02 8.703926425366043107e-01
