1.000000000000000000e+00 9.782891212191012764e-01
2.000000000000000000e+00 1.933168260921001691e+00
3.000000000000000000e+00 2.861007452228422121e+00
4.000000000000000000e+00 3.778988140601744927e+00
5.000000000000000000e+00 4.681359139217510901e+00
6.000000000000000000e+00 5.577321369978218257e+00
7.000000000000000000e+00 6.449274097774279291e+00
8.000000000000000000e+00 7.311506379375272147e+00
9.000000000000000000e+00 8.195146051975228829e+00
1.000000000000000000e+01 9.028342959209405549e+00
1.100000000000000000e+01 9.853357220133556638e+00
1.200000000000000000e+01 1.067909202300324623e+01
1.300000000000000000e+01 1.147064890945465621e+01
1.400000000000000000e+01 1.226461534108875640e+01
1.500000000000000000e+01 1.306163139953175722e+01
1.600000000000000000e+01 1.386719934432275281e+01
1.700000000000000000e+01 1.463415446492297889e+01
1.800000000000000000e+01 1.540325433914720143e+01
1.900000000000000000e+01 1.616995996828604376e+01
2.000000000000000000e+01 1.691926669500552904e+01
2.100000000000000000e+01 1.764943231875098206e+01
2.200000000000000000e+01 1.840330637922228618e+01
2.300000000000000000e+01 1.913381043809414805e+01
2.400000000000000000e+01 1.986725226051305171e+01
2.500000000000000000e+01 2.059657740721314312e+01
2.600000000000000000e+01 2.129669439192874592e+01
2.700000000000000000e+01 2.200659359098189682e+01
2.800000000000000000e+01 2.270245310615842271e+01
2.900000000000000000e+01 2.339012480146184103e+01
3.000000000000000000e+01 2.408205444147861130e+01
3.100000000000000000e+01 2.475481122610807105e+01
3.200000000000000000e+01 2.541766825754715953e+01
3.300000000000000000e+01 2.608011487969996978e+01
3.400000000000000000e+01 2.673868429608225128e+01
3.500000000000000000e+01 2.740127748373230077e+01
3.600000000000000000e+01 2.805697628680085032e+01
3.700000000000000000e+01 2.869382407698818938e+01
3.800000000000000000e+01 2.930925894302225743e+01
3.900000000000000000e+01 2.993927403221672279e+01
4.000000000000000000e+01 3.052775228695460186e+01
4.100000000000000000e+01 3.111270496015968590e+01
4.200000000000000000e+01 3.172196005643467842e+01
4.300000000000000000e+01 3.233306971018688358e+01
4.400000000000000000e+01 3.291415115824103310e+01
4.500000000000000000e+01 3.352581536423905817e+01
4.600000000000000000e+01 3.412546738902594257e+01
4.700000000000000000e+01 3.470603136886789031e+01
4.800000000000000000e+01 3.528382854424846471e+01
4.900000000000000000e+01 3.587719733004333733e+01
5.000000000000000000e+01 3.644576767515076909e+01
5.100000000000000000e+01 3.700489625416184936e+01
5.200000000000000000e+01 3.755661662718662797e+01
5.300000000000000000e+01 3.812376053645476759e+01
5.400000000000000000e+01 3.868376032669610964e+01
5.500000000000000000e+01 3.920510394195743231e+01
5.600000000000000000e+01 3.973899254511563583e+01
5.700000000000000000e+01 4.028645511947526359e+01
5.800000000000000000e+01 4.081635108745624763e+01
5.900000000000000000e+01 4.135181821084199072e+01
6.000000000000000000e+01 4.186911432947318445e+01
6.100000000000000000e+01 4.241615739452920764e+01
6.200000000000000000e+01 4.293400216896723975e+01
6.300000000000000000e+01 4.348590242991294730e+01
6.400000000000000000e+01 4.399151552690097589e+01
6.500000000000000000e+01 4.448297710079281586e+01
6.600000000000000000e+01 4.499181331025413044e+01
6.700000000000000000e+01 4.549640245759313473e+01
6.800000000000000000e+01 4.598856270110424305e+01
6.900000000000000000e+01 4.647223115918468039e+01
7.000000000000000000e+01 4.695595512861817156e+01
7.100000000000000000e+01 4.741300859256997313e+01
7.200000000000000000e+01 4.788165441498805563e+01
7.300000000000000000e+01 4.836778429272404622e+01
7.400000000000000000e+01 4.884255850423466683e+01
7.500000000000000000e+01 4.929860897100937933e+01
7.600000000000000000e+01 4.977835348783792568e+01
7.700000000000000000e+01 5.023072976765092790e+01
7.800000000000000000e+01 5.069401787413482907e+01
7.900000000000000000e+01 5.116703467203733879e+01
8.000000000000000000e+01 5.160939300063544266e+01
8.100000000000000000e+01 5.206026124649272901e+01
8.200000000000000000e+01 5.249161249086984071e+01
8.300000000000000000e+01 5.291739444161684958e+01
8.400000000000000000e+01 5.334430727567389141e+01
8.500000000000000000e+01 5.379042265844390158e+01
8.600000000000000000e+01 5.422072527452431956e+01
8.700000000000000000e+01 5.465658183661531666e+01
8.800000000000000000e+01 5.507498832956201795e+01
8.900000000000000000e+01 5.548290888854725722e+01
9.000000000000000000e+01 5.585503251008745451e+01
9.100000000000000000e+01 5.624457420604611002e+01
9.200000000000000000e+01 5.665338526879455117e+01
9.300000000000000000e+01 5.705119750956123426e+01
9.400000000000000000e+01 5.744794590450077010e+01
9.500000000000000000e+01 5.784136621665474820e+01
9.600000000000000000e+01 5.821682083134518848e+01
9.700000000000000000e+01 5.860929988629506937e+01
9.800000000000000000e+01 5.901200609375818829e+01
9.900000000000000000e+01 5.938155192844185848e+01
1.000000000000000000e+02 5.976601127763520083e+01
1.010000000000000000e+02 6.013773465018661568e+01
1.020000000000000000e+02 6.050856352717633513e+01
1.030000000000000000e+02 6.089156345962803130e+01
1.040000000000000000e+02 6.124176969144394889e+01
1.050000000000000000e+02 6.160989977837138554e+01
1.060000000000000000e+02 6.197918306887592621e+01
1.070000000000000000e+02 6.235396556524318612e+01
1.080000000000000000e+02 6.271396076184347379e+01
1.090000000000000000e+02 6.305463826039129316e+01
1.100000000000000000e+02 6.338630582241844280e+01
1.110000000000000000e+02 6.371484444641408373e+01
1.120000000000000000e+02 6.405232023272590425e+01
1.130000000000000000e+02 6.439765370917035625e+01
1.140000000000000000e+02 6.474250075285532091e+01
1.150000000000000000e+02 6.506775209646083624e+01
1.160000000000000000e+02 6.539225906603611804e+01
1.170000000000000000e+02 6.571901798894259628e+01
1.180000000000000000e+02 6.602816464366893001e+01
1.190000000000000000e+02 6.635178073262105158e+01
1.200000000000000000e+02 6.669008461979457536e+01
1.210000000000000000e+02 6.701282977437925581e+01
1.220000000000000000e+02 6.733861460335765514e+01
1.230000000000000000e+02 6.767378264550120548e+01
1.240000000000000000e+02 6.798471133782996390e+01
1.250000000000000000e+02 6.829061131618604463e+01
1.260000000000000000e+02 6.858616466714747162e+01
1.270000000000000000e+02 6.889715532704786938e+01
1.280000000000000000e+02 6.919032360078712429e+01
1.290000000000000000e+02 6.947785839479824688e+01
1.300000000000000000e+02 6.973638649019773084e+01
1.310000000000000000e+02 7.002701894018244388e+01
1.320000000000000000e+02 7.032122063745501350e+01
1.330000000000000000e+02 7.061910655870974551e+01
1.340000000000000000e+02 7.090429844089244682e+01
1.350000000000000000e+02 7.115716844709025679e+01
1.360000000000000000e+02 7.143201549633890579e+01
1.370000000000000000e+02 7.171285626549568804e+01
1.380000000000000000e+02 7.198527182179569195e+01
1.390000000000000000e+02 7.225878678017855350e+01
1.400000000000000000e+02 7.251074557286241884e+01
1.410000000000000000e+02 7.276042611238150926e+01
1.420000000000000000e+02 7.300512167281046061e+01
1.430000000000000000e+02 7.326796227239979942e+01
1.440000000000000000e+02 7.351697574697821835e+01
1.450000000000000000e+02 7.375873542423309459e+01
1.460000000000000000e+02 7.401222289927311238e+01
1.470000000000000000e+02 7.424913763273858081e+01
1.480000000000000000e+02 7.448410579888806637e+01
1.490000000000000000e+02 7.474242929367764532e+01
1.500000000000000000e+02 7.498934352212467047e+01
1.510000000000000000e+02 7.521737585620394384e+01
1.520000000000000000e+02 7.545835152461769724e+01
1.530000000000000000e+02 7.570957640082360740e+01
1.540000000000000000e+02 7.592434493385988503e+01
1.550000000000000000e+02 7.615133635277757662e+01
1.560000000000000000e+02 7.636733320273725667e+01
1.570000000000000000e+02 7.657989101747128302e+01
1.580000000000000000e+02 7.677018790441989893e+01
1.590000000000000000e+02 7.698077574321608552e+01
1.600000000000000000e+02 7.718512069631553629e+01
1.610000000000000000e+02 7.739534173539365725e+01
1.620000000000000000e+02 7.758879091781857085e+01
1.630000000000000000e+02 7.777050440851974145e+01
1.640000000000000000e+02 7.798295504511212073e+01
1.650000000000000000e+02 7.819014260896869928e+01
1.660000000000000000e+02 7.838232204341919385e+01
1.670000000000000000e+02 7.860258665782471610e+01
1.680000000000000000e+02 7.879925585492998152e+01
1.690000000000000000e+02 7.899436543776243980e+01
1.700000000000000000e+02 7.917374877081236662e+01
1.710000000000000000e+02 7.936063663226349263e+01
1.720000000000000000e+02 7.952908372465043385e+01
1.730000000000000000e+02 7.971262482109769110e+01
1.740000000000000000e+02 7.989958612290664064e+01
1.750000000000000000e+02 8.009810726435181039e+01
1.760000000000000000e+02 8.027980676057961773e+01
1.770000000000000000e+02 8.045806982320095813e+01
1.780000000000000000e+02 8.061675005676981698e+01
1.790000000000000000e+02 8.079442946114096458e+01
1.800000000000000000e+02 8.094132299433557876e+01
1.810000000000000000e+02 8.111493282604668309e+01
1.820000000000000000e+02 8.126191322071919387e+01
1.830000000000000000e+02 8.141786775445616797e+01
1.840000000000000000e+02 8.157420480908223226e+01
1.850000000000000000e+02 8.173073318877803217e+01
1.860000000000000000e+02 8.189018481271072858e+01
1.870000000000000000e+02 8.205662636629887174e+01
1.880000000000000000e+02 8.221749729412631780e+01
1.890000000000000000e+02 8.236878661315911643e+01
1.900000000000000000e+02 8.251567552232219782e+01
1.910000000000000000e+02 8.265197053635482405e+01
1.920000000000000000e+02 8.278427510631176744e+01
1.930000000000000000e+02 8.291381146425675297e+01
1.940000000000000000e+02 8.304312862083902758e+01
1.950000000000000000e+02 8.318573163243902968e+01
1.960000000000000000e+02 8.332079973502291637e+01
1.970000000000000000e+02 8.347814951280000173e+01
1.980000000000000000e+02 8.360023896460174342e+01
1.990000000000000000e+02 8.371305502901142859e+01
2.000000000000000000e+02 8.384919669021149957e+01
2.010000000000000000e+02 8.394430567665128251e+01
2.020000000000000000e+02 8.403354293150744070e+01
2.030000000000000000e+02 8.414423195091737284e+01
2.040000000000000000e+02 8.424298727695332900e+01
2.050000000000000000e+02 8.434398916143196345e+01
2.060000000000000000e+02 8.443809768870356436e+01
2.070000000000000000e+02 8.454668566692934917e+01
2.080000000000000000e+02 8.466390308405546250e+01
2.090000000000000000e+02 8.475617519260055133e+01
2.100000000000000000e+02 8.485553339806615725e+01
2.110000000000000000e+02 8.495997797555757813e+01
2.120000000000000000e+02 8.504645320087405480e+01
2.130000000000000000e+02 8.514649358435656268e+01
2.140000000000000000e+02 8.521689009542970439e+01
2.150000000000000000e+02 8.528631777185597684e+01
2.160000000000000000e+02 8.536907068870287674e+01
2.170000000000000000e+02 8.544377355512919792e+01
2.180000000000000000e+02 8.551070049497022296e+01
2.190000000000000000e+02 8.560645465923799691e+01
2.200000000000000000e+02 8.569804376840900773e+01
2.210000000000000000e+02 8.576339813814294644e+01
2.220000000000000000e+02 8.586898005608061624e+01
2.230000000000000000e+02 8.593483117628413481e+01
2.240000000000000000e+02 8.601384767249844288e+01
2.250000000000000000e+02 8.608972581007978420e+01
2.260000000000000000e+02 8.616502070455133833e+01
2.270000000000000000e+02 8.623610790355186850e+01
2.280000000000000000e+02 8.627247935070299434e+01
2.290000000000000000e+02 8.633046390944325310e+01
2.300000000000000000e+02 8.638391172405563623e+01
2.310000000000000000e+02 8.642938270507214327e+01
2.320000000000000000e+02 8.648173753968488597e+01
2.330000000000000000e+02 8.655895230056985667e+01
2.340000000000000000e+02 8.660168501607159897e+01
2.350000000000000000e+02 8.663246080023850482e+01
2.360000000000000000e+02 8.668075917784487672e+01
2.370000000000000000e+02 8.672174268106620332e+01
2.380000000000000000e+02 8.675190085178941501e+01
2.390000000000000000e+02 8.679399045488483466e+01
2.400000000000000000e+02 8.684127789859755353e+01
2.410000000000000000e+02 8.688391548294411848e+01
2.420000000000000000e+02 8.690507429525386840e+01
2.430000000000000000e+02 8.692053444551793007e+01
2.440000000000000000e+02 8.692970911721869243e+01
2.450000000000000000e+02 8.694829557495759786e+01
2.460000000000000000e+02 8.696764395754291854e+01
2.470000000000000000e+02 8.699376813687547383e+01
2.480000000000000000e+02 8.702282031058231837e+01
2.490000000000000000e+02 8.706536476204622943e+01
2.500000000000000000e+02 8.706338133402242363e+01
2.510000000000000000e+02 8.708513740838431261e+01
2.520000000000000000e+02 8.709033915894509903e+01
2.530000000000000000e+02 8.708941756455411110e+01
2.540000000000000000e+02 8.706658263628858663e+01
2.550000000000000000e+02 8.707902587409010664e+01
2.560000000000000000e+02 8.708573028494762980e+01
2.570000000000000000e+02 8.709935945328864193e+01
2.580000000000000000e+02 8.709516175951625883e+01
2.590000000000000000e+02 8.709098217517063745e+01
2.600000000000000000e+02 8.707040860743967414e+01
2.610000000000000000e+02 8.706733775463936809e+01
2.620000000000000000e+02 8.706086563944683121e+01
2.630000000000000000e+02 8.706315355762926345e+01
2.640000000000000000e+02 8.707902515114756170e+01
2.650000000000000000e+02 8.706952487363300008e+01
2.660000000000000000e+02 8.702563155009322315e+01
2.670000000000000000e+02 8.700937912629103721e+01
2.680000000000000000e+02 8.697149495204085667e+01
2.690000000000000000e+02 8.693148732879171803e+01
2.700000000000000000e+02 8.687799683858617072e+01
2.710000000000000000e+02 8.680705238338099150e+01
2.720000000000000000e+02 8.675380070058709236e+01
2.730000000000000000e+02 8.671142227775324329e+01
2.740000000000000000e+02 8.664295802850963923e+01
2.750000000000000000e+02 8.659775814068959221e+01
2.760000000000000000e+02 8.654337058637709390e+01
2.770000000000000000e+02 8.651174984754128161e+01
2.780000000000000000e+02 8.648637048509218062e+01
2.790000000000000000e+02 8.642597341068930916e+01
2.800000000000000000e+02 8.639188109055749010e+01
2.810000000000000000e+02 8.633181323184450662e+01
2.820000000000000000e+02 8.628726274348822756e+01
2.830000000000000000e+02 8.622128711306815774e+01
2.840000000000000000e+02 8.616331343157587241e+01
2.850000000000000000e+02 8.609774394535170927e+01
2.860000000000000000e+02 8.603131344901913735e+01
2.870000000000000000e+02 8.597407230963655422e+01
2.880000000000000000e+02 8.592037119605880946e+01
2.890000000000000000e+02 8.582470039069674783e+01
2.900000000000000000e+02 8.576300833683166047e+01
2.910000000000000000e+02 8.567914414557240832e+01
2.920000000000000000e+02 8.564117392589348299e+01
2.930000000000000000e+02 8.557287580824994677e+01
2.940000000000000000e+02 8.551847605165225730e+01
2.950000000000000000e+02 8.546934456340770225e+01
2.960000000000000000e+02 8.540024499600855279e+01
2.970000000000000000e+02 8.532574266042102806e+01
2.980000000000000000e+02 8.523255323072402234e+01
2.990000000000000000e+02 8.513310004582615420e+01
3.000000000000000000e+02 8.502360077744403100e+01
3.010000000000000000e+02 8.492661035598254671e+01
3.020000000000000000e+02 8.482684908677212832e+01
3.030000000000000000e+02 8.470793445537999844e+01
3.040000000000000000e+02 8.460187696074379460e+01
3.050000000000000000e+02 8.450668170747202623e+01
3.060000000000000000e+02 8.439978745669409932e+01
3.070000000000000000e+02 8.429550114268997163e+01
3.080000000000000000e+02 8.417576554451912330e+01
3.090000000000000000e+02 8.407330439958214185e+01
3.100000000000000000e+02 8.397952644874303019e+01
3.110000000000000000e+02 8.387621508376987833e+01
3.120000000000000000e+02 8.374606679427492395e+01
3.130000000000000000e+02 8.364264168904138330e+01
3.140000000000000000e+02 8.351106654342713398e+01
3.150000000000000000e+02 8.339550516976697736e+01
3.160000000000000000e+02 8.327411375197374355e+01
3.170000000000000000e+02 8.313583076365142688e+01
3.180000000000000000e+02 8.300196725597567138e+01
3.190000000000000000e+02 8.284565030401242325e+01
3.200000000000000000e+02 8.271631641957554848e+01
3.210000000000000000e+02 8.255974480058243614e+01
3.220000000000000000e+02 8.243829880131202970e+01
3.230000000000000000e+02 8.230329399920509559e+01
3.240000000000000000e+02 8.215020000617509766e+01
3.250000000000000000e+02 8.201606461210218413e+01
3.260000000000000000e+02 8.186805553380612821e+01
3.270000000000000000e+02 8.171761993313195660e+01
3.280000000000000000e+02 8.153869249850235690e+01
3.290000000000000000e+02 8.138911549286092395e+01
3.300000000000000000e+02 8.123826999780048652e+01
3.310000000000000000e+02 8.105941461131666870e+01
3.320000000000000000e+02 8.090292865459318250e+01
3.330000000000000000e+02 8.074116214702713989e+01
3.340000000000000000e+02 8.057219889941282531e+01
3.350000000000000000e+02 8.040005951639204795e+01
3.360000000000000000e+02 8.023688818766916597e+01
3.370000000000000000e+02 8.005151853315935284e+01
3.380000000000000000e+02 7.988243808317858452e+01
3.390000000000000000e+02 7.967850842805970046e+01
3.400000000000000000e+02 7.949215964365100717e+01
3.410000000000000000e+02 7.929792216172172914e+01
3.420000000000000000e+02 7.909672328934475161e+01
3.430000000000000000e+02 7.890959539018265900e+01
3.440000000000000000e+02 7.872778217832016878e+01
3.450000000000000000e+02 7.851860504652273676e+01
3.460000000000000000e+02 7.833633856334623147e+01
3.470000000000000000e+02 7.815070588900488247e+01
3.480000000000000000e+02 7.794786230414494810e+01
3.490000000000000000e+02 7.777034076496266835e+01
3.500000000000000000e+02 7.758688506821540898e+01
3.510000000000000000e+02 7.738456744095744000e+01
3.520000000000000000e+02 7.715794616241397819e+01
3.530000000000000000e+02 7.693858355020053352e+01
3.540000000000000000e+02 7.673234599753425300e+01
3.550000000000000000e+02 7.650571953492971033e+01
3.560000000000000000e+02 7.628565806285025985e+01
3.570000000000000000e+02 7.607320402207501786e+01
3.580000000000000000e+02 7.584451580588863351e+01
3.590000000000000000e+02 7.560498062918553330e+01
3.600000000000000000e+02 7.537470986835796793e+01
3.610000000000000000e+02 7.516334300354009201e+01
3.620000000000000000e+02 7.494325769082855970e+01
3.630000000000000000e+02 7.471758721344779985e+01
3.640000000000000000e+02 7.448546868600554660e+01
3.650000000000000000e+02 7.424500595460169450e+01
3.660000000000000000e+02 7.397155342636888520e+01
3.670000000000000000e+02 7.371680372422335381e+01
3.680000000000000000e+02 7.347531561455593874e+01
3.690000000000000000e+02 7.319829762145390362e+01
3.700000000000000000e+02 7.292952676005543822e+01
3.710000000000000000e+02 7.269560617793453616e+01
3.720000000000000000e+02 7.242544364378937871e+01
3.730000000000000000e+02 7.215839503529994658e+01
3.740000000000000000e+02 7.189552562420679749e+01
3.750000000000000000e+02 7.163071423589724418e+01
3.760000000000000000e+02 7.137371233823135697e+01
3.770000000000000000e+02 7.108621084695906234e+01
3.780000000000000000e+02 7.081581137702927720e+01
3.790000000000000000e+02 7.054930947909039674e+01
3.800000000000000000e+02 7.027626847399959331e+01
3.810000000000000000e+02 6.999970827655317862e+01
3.820000000000000000e+02 6.972752086322770992e+01
3.830000000000000000e+02 6.944726495348209028e+01
3.840000000000000000e+02 6.914895161528852441e+01
3.850000000000000000e+02 6.886636303105447610e+01
3.860000000000000000e+02 6.859594807666756822e+01
3.870000000000000000e+02 6.829043221287494703e+01
3.880000000000000000e+02 6.797336600957537200e+01
3.890000000000000000e+02 6.766456573340323644e+01
3.900000000000000000e+02 6.735488790332202313e+01
3.910000000000000000e+02 6.703591163677812403e+01
3.920000000000000000e+02 6.672895320064523617e+01
3.930000000000000000e+02 6.642308519715072634e+01
3.940000000000000000e+02 6.610065275670378071e+01
3.950000000000000000e+02 6.575667965149456506e+01
3.960000000000000000e+02 6.543037172541387747e+01
3.970000000000000000e+02 6.510405148071282611e+01
3.980000000000000000e+02 6.477583640387656772e+01
3.990000000000000000e+02 6.442732633475357318e+01
4.000000000000000000e+02 6.410055639705244346e+01
4.010000000000000000e+02 6.375900101303968626e+01
4.020000000000000000e+02 6.340016508656693617e+01
4.030000000000000000e+02 6.303883868466920859e+01
4.040000000000000000e+02 6.268969493146794036e+01
4.050000000000000000e+02 6.235020066181900233e+01
4.060000000000000000e+02 6.196796519623095634e+01
4.070000000000000000e+02 6.157228428427376343e+01
4.080000000000000000e+02 6.122054183887924950e+01
4.090000000000000000e+02 6.084141428886661629e+01
4.100000000000000000e+02 6.047144335513671365e+01
4.110000000000000000e+02 6.008900939374675687e+01
4.120000000000000000e+02 5.971090868276092323e+01
4.130000000000000000e+02 5.933807921920762851e+01
4.140000000000000000e+02 5.897120859581099950e+01
4.150000000000000000e+02 5.857912752631012410e+01
4.160000000000000000e+02 5.819245765522896363e+01
4.170000000000000000e+02 5.780830673028374633e+01
4.180000000000000000e+02 5.740233031409946562e+01
4.190000000000000000e+02 5.699483715884807111e+01
4.200000000000000000e+02 5.658093207309486417e+01
4.210000000000000000e+02 5.618328253370471259e+01
4.220000000000000000e+02 5.576970479904075262e+01
4.230000000000000000e+02 5.536399838041206323e+01
4.240000000000000000e+02 5.495393055911991809e+01
4.250000000000000000e+02 5.452987827852108182e+01
4.260000000000000000e+02 5.412235338221960035e+01
4.270000000000000000e+02 5.367121538542659920e+01
4.280000000000000000e+02 5.325482334580524224e+01
4.290000000000000000e+02 5.283362102116661418e+01
4.300000000000000000e+02 5.241418789721668503e+01
4.310000000000000000e+02 5.198624850399743735e+01
4.320000000000000000e+02 5.153361075469038610e+01
4.330000000000000000e+02 5.108760365068691556e+01
4.340000000000000000e+02 5.065070587180630923e+01
4.350000000000000000e+02 5.021636385347900955e+01
4.360000000000000000e+02 4.978420314773797628e+01
4.370000000000000000e+02 4.930295887714426328e+01
4.380000000000000000e+02 4.884812710426764681e+01
4.390000000000000000e+02 4.836273445053661391e+01
4.400000000000000000e+02 4.792080044598488797e+01
4.410000000000000000e+02 4.744330211732781066e+01
4.420000000000000000e+02 4.693937670500447723e+01
4.430000000000000000e+02 4.647135841113725974e+01
4.440000000000000000e+02 4.596601765274497353e+01
4.450000000000000000e+02 4.548826119317594419e+01
4.460000000000000000e+02 4.501034400946542746e+01
4.470000000000000000e+02 4.451502346703335888e+01
4.480000000000000000e+02 4.401892310852986867e+01
4.490000000000000000e+02 4.352543474926392264e+01
4.500000000000000000e+02 4.300338240485675101e+01
4.510000000000000000e+02 4.249546530290263746e+01
4.520000000000000000e+02 4.196515435354861268e+01
4.530000000000000000e+02 4.143598983558533178e+01
4.540000000000000000e+02 4.090957278685633725e+01
4.550000000000000000e+02 4.038089395313475904e+01
4.560000000000000000e+02 3.982898475464449461e+01
4.570000000000000000e+02 3.930978369937128036e+01
4.580000000000000000e+02 3.876715168658888899e+01
4.590000000000000000e+02 3.820826687556390056e+01
4.600000000000000000e+02 3.766640749703046964e+01
4.610000000000000000e+02 3.707967976361229745e+01
4.620000000000000000e+02 3.651560439039111117e+01
4.630000000000000000e+02 3.595715344249386902e+01
4.640000000000000000e+02 3.538331781744344084e+01
4.650000000000000000e+02 3.479492899491265945e+01
4.660000000000000000e+02 3.419972002132676181e+01
4.670000000000000000e+02 3.361131899320007932e+01
4.680000000000000000e+02 3.300295639051488905e+01
4.690000000000000000e+02 3.240479748959441508e+01
4.700000000000000000e+02 3.179550619983401916e+01
4.710000000000000000e+02 3.117249117176980988e+01
4.720000000000000000e+02 3.054885393986467435e+01
4.730000000000000000e+02 2.992298242013763954e+01
4.740000000000000000e+02 2.929943586388550258e+01
4.750000000000000000e+02 2.864926142400009823e+01
4.760000000000000000e+02 2.802124803055375679e+01
4.770000000000000000e+02 2.738163441502517159e+01
4.780000000000000000e+02 2.672665714911647683e+01
4.790000000000000000e+02 2.606233909964379691e+01
4.800000000000000000e+02 2.539896919432926836e+01
4.810000000000000000e+02 2.473091316807452245e+01
4.820000000000000000e+02 2.406640380422155445e+01
4.830000000000000000e+02 2.340097311207504305e+01
4.840000000000000000e+02 2.271592589090951364e+01
4.850000000000000000e+02 2.201308402461360814e+01
4.860000000000000000e+02 2.132706609578043100e+01
4.870000000000000000e+02 2.060853100973643137e+01
4.880000000000000000e+02 1.991872089420239789e+01
4.890000000000000000e+02 1.922559267603312705e+01
4.900000000000000000e+02 1.848894317116502961e+01
4.910000000000000000e+02 1.773894375635578058e+01
4.920000000000000000e+02 1.697712436988282647e+01
4.930000000000000000e+02 1.622412415372852834e+01
4.940000000000000000e+02 1.547434252903901530e+01
4.950000000000000000e+02 1.471333266826169606e+01
4.960000000000000000e+02 1.393236622982614747e+01
4.970000000000000000e+02 1.312933964396096620e+01
4.980000000000000000e+02 1.232178257536677002e+01
4.990000000000000000e+02 1.154695402308323438e+01
5.000000000000000000e+02 1.073730165108275969e+01
5.010000000000000000e+02 9.912810345888436458e+00
5.020000000000000000e+02 9.064264827581332895e+00
5.030000000000000000e+02 8.227696374902315313e+00
5.040000000000000000e+02 7.386105759716613761e+00
5.050000000000000000e+02 6.516108114376985228e+00
5.060000000000000000e+02 5.636426923633806929e+00
5.070000000000000000e+02 4.738377317831004909e+00
5.080000000000000000e+02 3.815167392750165476e+00
5.090000000000000000e+02 2.892088045226202553e+00
5.100000000000000000e+02 1.940625422327919347e+00
5.110000000000000000e+02 9.824448276196334762e-01
