1.000000000000000000e+00 5.608503496382737374e-01
2.000000000000000000e+00 9.969230437607573547e-01
3.000000000000000000e+00 1.250005150818632949e+00
4.000000000000000000e+00 1.406531342608534407e+00
5.000000000000000000e+00 1.514462500093028297e+00
6.000000000000000000e+00 1.745582989614730796e+00
7.000000000000000000e+00 1.862795695025642351e+00
8.000000000000000000e+00 1.868901104729772333e+00
9.000000000000000000e+00 1.947085219811319989e+00
1.000000000000000000e+01 2.057782789759357467e+00
1.100000000000000000e+01 2.088221479833141991e+00
1.200000000000000000e+01 2.149236336449895646e+00
1.300000000000000000e+01 2.133532141161228246e+00
1.400000000000000000e+01 2.184735398596826972e+00
1.500000000000000000e+01 2.231725415640967825e+00
1.600000000000000000e+01 2.316108207186140078e+00
1.700000000000000000e+01 2.307844307224446112e+00
1.800000000000000000e+01 2.317186771123899369e+00
1.900000000000000000e+01 2.405731540425020576e+00
2.000000000000000000e+01 2.382275816916860300e+00
2.100000000000000000e+01 2.397410246974278181e+00
2.200000000000000000e+01 2.421468522141657420e+00
2.300000000000000000e+01 2.435264449419164201e+00
2.400000000000000000e+01 2.437687346896066032e+00
2.500000000000000000e+01 2.373615226582989290e+00
2.600000000000000000e+01 2.426378166398802882e+00
2.700000000000000000e+01 2.466064272544242986e+00
2.800000000000000000e+01 2.504436259266117126e+00
2.900000000000000000e+01 2.512777187229968234e+00
3.000000000000000000e+01 2.537371333971221610e+00
3.100000000000000000e+01 2.568529601965483522e+00
3.200000000000000000e+01 2.647506924093470548e+00
3.300000000000000000e+01 2.632144580565331626e+00
3.400000000000000000e+01 2.655037125790070007e+00
3.500000000000000000e+01 2.651531350261440600e+00
3.600000000000000000e+01 2.604954250546305694e+00
3.700000000000000000e+01 2.655558871286130884e+00
3.800000000000000000e+01 2.616735479003212461e+00
3.900000000000000000e+01 2.667234606360521010e+00
4.000000000000000000e+01 2.661057575129202046e+00
4.100000000000000000e+01 2.671729488212866599e+00
4.200000000000000000e+01 2.732099392904159707e+00
4.300000000000000000e+01 2.738120938603249677e+00
4.400000000000000000e+01 2.689471469350585231e+00
4.500000000000000000e+01 2.634348683143179048e+00
4.600000000000000000e+01 2.581393130592860796e+00
4.700000000000000000e+01 2.583885007301464309e+00
4.800000000000000000e+01 2.648745817457446527e+00
4.900000000000000000e+01 2.659032413981496035e+00
5.000000000000000000e+01 2.710328238392572420e+00
5.100000000000000000e+01 2.724527157560812984e+00
5.200000000000000000e+01 2.714413314685987899e+00
5.300000000000000000e+01 2.682449214929135461e+00
5.400000000000000000e+01 2.612835183806630823e+00
5.500000000000000000e+01 2.581415132113137112e+00
5.600000000000000000e+01 2.617606544307404359e+00
5.700000000000000000e+01 2.628683295223555039e+00
5.800000000000000000e+01 2.623531426147310608e+00
5.900000000000000000e+01 2.597738650886069145e+00
6.000000000000000000e+01 2.592460727186482128e+00
6.100000000000000000e+01 2.688756501807783028e+00
6.200000000000000000e+01 2.613819243576372742e+00
6.300000000000000000e+01 2.630702967081591570e+00
6.400000000000000000e+01 2.615060653123939094e+00
6.500000000000000000e+01 2.642411672638862452e+00
6.600000000000000000e+01 2.609618868254266477e+00
6.700000000000000000e+01 2.683677267317429838e+00
6.800000000000000000e+01 2.692410988670096206e+00
6.900000000000000000e+01 2.799004938490003980e+00
7.000000000000000000e+01 2.825623347554173659e+00
7.100000000000000000e+01 2.864765736118204842e+00
7.200000000000000000e+01 2.897319781583631126e+00
7.300000000000000000e+01 2.822531538876457358e+00
7.400000000000000000e+01 2.784904656904517051e+00
7.500000000000000000e+01 2.774756888936737553e+00
7.600000000000000000e+01 2.694972948733548090e+00
7.700000000000000000e+01 2.686242854451629913e+00
7.800000000000000000e+01 2.619049614930593517e+00
7.900000000000000000e+01 2.654620633320595058e+00
8.000000000000000000e+01 2.745477584924630676e+00
8.100000000000000000e+01 2.770548409727539241e+00
8.200000000000000000e+01 2.743809545471526778e+00
8.300000000000000000e+01 2.754382002057045753e+00
8.400000000000000000e+01 2.758842173814454846e+00
8.500000000000000000e+01 2.782152396249402582e+00
8.600000000000000000e+01 2.705189921006819986e+00
8.700000000000000000e+01 2.724119253875193269e+00
8.800000000000000000e+01 2.764339905746868276e+00
8.900000000000000000e+01 2.711646006221200000e+00
9.000000000000000000e+01 2.755760477147652043e+00
9.100000000000000000e+01 2.695790099485190883e+00
9.200000000000000000e+01 2.684994606566568187e+00
9.300000000000000000e+01 2.786115119654231531e+00
9.400000000000000000e+01 2.801086481520816740e+00
9.500000000000000000e+01 2.761352841596667052e+00
9.600000000000000000e+01 2.719483752081426786e+00
9.700000000000000000e+01 2.755277944253831102e+00
9.800000000000000000e+01 2.750513819741508659e+00
9.900000000000000000e+01 2.754684225257232111e+00
1.000000000000000000e+02 2.829764460658703573e+00
1.010000000000000000e+02 2.783397183620260229e+00
1.020000000000000000e+02 2.796528148877689635e+00
1.030000000000000000e+02 2.881468313935982906e+00
1.040000000000000000e+02 2.836777104859825371e+00
1.050000000000000000e+02 2.772684178811154698e+00
1.060000000000000000e+02 2.797210628060861737e+00
1.070000000000000000e+02 2.844101294369184352e+00
1.080000000000000000e+02 2.899050810834584713e+00
1.090000000000000000e+02 2.910910882448652259e+00
1.100000000000000000e+02 2.924647111988242454e+00
1.110000000000000000e+02 2.971120257472571691e+00
1.120000000000000000e+02 2.935082845850175648e+00
1.130000000000000000e+02 2.895472499684123679e+00
1.140000000000000000e+02 2.844711504345736941e+00
1.150000000000000000e+02 2.859396989787513554e+00
1.160000000000000000e+02 2.813169179376973084e+00
1.170000000000000000e+02 2.764752314818130774e+00
1.180000000000000000e+02 2.761957585087690958e+00
1.190000000000000000e+02 2.704142502566394768e+00
1.200000000000000000e+02 2.709718713892035336e+00
1.210000000000000000e+02 2.670198909899445638e+00
1.220000000000000000e+02 2.740979333643732474e+00
1.230000000000000000e+02 2.700990981384649992e+00
1.240000000000000000e+02 2.798234418021280145e+00
1.250000000000000000e+02 2.725644499960933498e+00
1.260000000000000000e+02 2.732557017394773968e+00
1.270000000000000000e+02 2.708865719507876690e+00
1.280000000000000000e+02 2.628762822904222585e+00
1.290000000000000000e+02 2.568156991760413899e+00
1.300000000000000000e+02 2.519699371805287136e+00
1.310000000000000000e+02 2.628021034869636008e+00
1.320000000000000000e+02 2.562234798133447011e+00
1.330000000000000000e+02 2.503192836259286125e+00
1.340000000000000000e+02 2.501079468195473332e+00
1.350000000000000000e+02 2.506646867905888865e+00
1.360000000000000000e+02 2.473996640266189928e+00
1.370000000000000000e+02 2.554739175923922634e+00
1.380000000000000000e+02 2.582110657976555146e+00
1.390000000000000000e+02 2.606993949458161985e+00
1.400000000000000000e+02 2.708636403767741285e+00
1.410000000000000000e+02 2.705208755245332775e+00
1.420000000000000000e+02 2.759552139602641230e+00
1.430000000000000000e+02 2.631288362949711690e+00
1.440000000000000000e+02 2.607536864807559418e+00
1.450000000000000000e+02 2.709726617959643313e+00
1.460000000000000000e+02 2.661590223487627416e+00
1.470000000000000000e+02 2.686550122935768670e+00
1.480000000000000000e+02 2.598166084440696633e+00
1.490000000000000000e+02 2.659566673543102056e+00
1.500000000000000000e+02 2.760102706969675523e+00
1.510000000000000000e+02 2.682015656868796505e+00
1.520000000000000000e+02 2.677087359407326783e+00
1.530000000000000000e+02 2.717109117850331046e+00
1.540000000000000000e+02 2.684784105215628269e+00
1.550000000000000000e+02 2.612622385822246596e+00
1.560000000000000000e+02 2.559469613670839916e+00
1.570000000000000000e+02 2.572476332603856441e+00
1.580000000000000000e+02 2.631770108152605925e+00
1.590000000000000000e+02 2.636883827864261676e+00
1.600000000000000000e+02 2.682903655919457009e+00
1.610000000000000000e+02 2.692445803622124600e+00
1.620000000000000000e+02 2.701590446316317617e+00
1.630000000000000000e+02 2.666037982028223396e+00
1.640000000000000000e+02 2.648011772371138495e+00
1.650000000000000000e+02 2.668289675044474674e+00
1.660000000000000000e+02 2.589459056687736460e+00
1.670000000000000000e+02 2.582976176173523708e+00
1.680000000000000000e+02 2.580019360563915676e+00
1.690000000000000000e+02 2.550223657598599480e+00
1.700000000000000000e+02 2.540193188779050981e+00
1.710000000000000000e+02 2.601881575621570075e+00
1.720000000000000000e+02 2.644944665304409970e+00
1.730000000000000000e+02 2.633761112046677066e+00
1.740000000000000000e+02 2.594770629030877185e+00
1.750000000000000000e+02 2.617901524182590034e+00
1.760000000000000000e+02 2.703899304134616433e+00
1.770000000000000000e+02 2.678740057522972062e+00
1.780000000000000000e+02 2.654289065203932374e+00
1.790000000000000000e+02 2.641326696887685177e+00
1.800000000000000000e+02 2.603754804400208123e+00
1.810000000000000000e+02 2.616326588237488426e+00
1.820000000000000000e+02 2.624393998090991165e+00
1.830000000000000000e+02 2.622102632051099835e+00
1.840000000000000000e+02 2.639467210643757777e+00
1.850000000000000000e+02 2.602384387392029375e+00
1.860000000000000000e+02 2.652642998764417115e+00
1.870000000000000000e+02 2.659818054653837027e+00
1.880000000000000000e+02 2.651785912643632948e+00
1.890000000000000000e+02 2.604513421375674209e+00
1.900000000000000000e+02 2.730682249153634000e+00
1.910000000000000000e+02 2.686618856413227174e+00
1.920000000000000000e+02 2.704701268761640076e+00
1.930000000000000000e+02 2.651717498420759433e+00
1.940000000000000000e+02 2.646558935257629308e+00
1.950000000000000000e+02 2.731357535205443554e+00
1.960000000000000000e+02 2.672522315321544273e+00
1.970000000000000000e+02 2.686338483880113426e+00
1.980000000000000000e+02 2.665714396543983344e+00
1.990000000000000000e+02 2.665901228674509404e+00
2.000000000000000000e+02 2.687767368656409417e+00
2.010000000000000000e+02 2.676795781973147825e+00
2.020000000000000000e+02 2.670895056085494268e+00
2.030000000000000000e+02 2.676248885922693166e+00
2.040000000000000000e+02 2.689628441227970068e+00
2.050000000000000000e+02 2.716697524712821110e+00
2.060000000000000000e+02 2.733688173285008016e+00
2.070000000000000000e+02 2.678164014691327033e+00
2.080000000000000000e+02 2.637966791023578228e+00
2.090000000000000000e+02 2.575789406224423317e+00
2.100000000000000000e+02 2.593220659821331875e+00
2.110000000000000000e+02 2.654712574180477791e+00
2.120000000000000000e+02 2.753839514789585774e+00
2.130000000000000000e+02 2.719949094894491992e+00
2.140000000000000000e+02 2.782360720266689569e+00
2.150000000000000000e+02 2.711422011361878326e+00
2.160000000000000000e+02 2.710866506079827598e+00
2.170000000000000000e+02 2.683155788546398135e+00
2.180000000000000000e+02 2.646171657038491443e+00
2.190000000000000000e+02 2.640861061172733670e+00
2.200000000000000000e+02 2.706736962141407687e+00
2.210000000000000000e+02 2.748766987946419604e+00
2.220000000000000000e+02 2.734060934261477449e+00
2.230000000000000000e+02 2.750004429467591383e+00
2.240000000000000000e+02 2.760498191587941630e+00
2.250000000000000000e+02 2.725015889846042150e+00
2.260000000000000000e+02 2.712179583054442400e+00
2.270000000000000000e+02 2.670106919950423041e+00
2.280000000000000000e+02 2.684353096771676661e+00
2.290000000000000000e+02 2.695194114789531969e+00
2.300000000000000000e+02 2.537946581327326090e+00
2.310000000000000000e+02 2.502937653547367969e+00
2.320000000000000000e+02 2.497547064492087188e+00
2.330000000000000000e+02 2.516127290437043751e+00
2.340000000000000000e+02 2.567132123273544675e+00
2.350000000000000000e+02 2.580376244175603961e+00
2.360000000000000000e+02 2.587163168274154490e+00
2.370000000000000000e+02 2.651291612945335441e+00
2.380000000000000000e+02 2.654195841124944444e+00
2.390000000000000000e+02 2.652403898355994549e+00
2.400000000000000000e+02 2.686122433919679864e+00
2.410000000000000000e+02 2.746888886538850105e+00
2.420000000000000000e+02 2.730223624696723750e+00
2.430000000000000000e+02 2.824434054575635678e+00
2.440000000000000000e+02 2.866705761799208219e+00
2.450000000000000000e+02 2.947303591002732315e+00
2.460000000000000000e+02 2.921972684661017894e+00
2.470000000000000000e+02 2.889949695611811364e+00
2.480000000000000000e+02 2.786764494698299011e+00
2.490000000000000000e+02 2.805822221736978594e+00
2.500000000000000000e+02 2.777393238764171102e+00
2.510000000000000000e+02 2.834895047270700630e+00
2.520000000000000000e+02 2.904529611749268270e+00
2.530000000000000000e+02 2.827952975809472136e+00
2.540000000000000000e+02 2.813567943305496755e+00
2.550000000000000000e+02 2.894878045277297751e+00
2.560000000000000000e+02 2.816715312934515936e+00
2.570000000000000000e+02 2.817094802524913177e+00
2.580000000000000000e+02 2.779364991064625201e+00
2.590000000000000000e+02 2.770537901147707149e+00
2.600000000000000000e+02 2.767643524843291569e+00
2.610000000000000000e+02 2.748083538627767997e+00
2.620000000000000000e+02 2.740343076652744347e+00
2.630000000000000000e+02 2.795611128863075834e+00
2.640000000000000000e+02 2.800771739365181645e+00
2.650000000000000000e+02 2.780142130804065470e+00
2.660000000000000000e+02 2.811426818950738760e+00
2.670000000000000000e+02 2.735686018368959971e+00
2.680000000000000000e+02 2.761266075265790043e+00
2.690000000000000000e+02 2.735849286020792803e+00
2.700000000000000000e+02 2.690439311629895247e+00
2.710000000000000000e+02 2.687256257186624975e+00
2.720000000000000000e+02 2.756897462269323640e+00
2.730000000000000000e+02 2.694944868682804806e+00
2.740000000000000000e+02 2.682205411564289044e+00
2.750000000000000000e+02 2.693483552668022529e+00
2.760000000000000000e+02 2.753133655179011985e+00
2.770000000000000000e+02 2.853847939981478454e+00
2.780000000000000000e+02 2.819029312506650786e+00
2.790000000000000000e+02 2.775290622628221460e+00
2.800000000000000000e+02 2.733305140472186423e+00
2.810000000000000000e+02 2.669552364513388287e+00
2.820000000000000000e+02 2.722416252633163669e+00
2.830000000000000000e+02 2.624077237134601059e+00
2.840000000000000000e+02 2.602554307975630365e+00
2.850000000000000000e+02 2.699343355022316260e+00
2.860000000000000000e+02 2.719058186850258796e+00
2.870000000000000000e+02 2.677812237227650272e+00
2.880000000000000000e+02 2.705388456639334471e+00
2.890000000000000000e+02 2.641572525367890556e+00
2.900000000000000000e+02 2.605127185167876558e+00
2.910000000000000000e+02 2.606666985124269420e+00
2.920000000000000000e+02 2.671207601414187671e+00
2.930000000000000000e+02 2.713019700928482436e+00
2.940000000000000000e+02 2.638799383014576172e+00
2.950000000000000000e+02 2.685690987309751421e+00
2.960000000000000000e+02 2.686020872737366894e+00
2.970000000000000000e+02 2.678494431935299680e+00
2.980000000000000000e+02 2.648440598582006977e+00
2.990000000000000000e+02 2.676672490892933798e+00
3.000000000000000000e+02 2.678221191064728668e+00
3.010000000000000000e+02 2.677444625323469385e+00
3.020000000000000000e+02 2.672639015865730716e+00
3.030000000000000000e+02 2.770005759224047903e+00
3.040000000000000000e+02 2.825259145479144696e+00
3.050000000000000000e+02 2.893292641193106807e+00
3.060000000000000000e+02 2.880197343302631552e+00
3.070000000000000000e+02 2.896918663444354003e+00
3.080000000000000000e+02 2.941475028087390697e+00
3.090000000000000000e+02 2.868323853955435876e+00
3.100000000000000000e+02 2.808113819985850856e+00
3.110000000000000000e+02 2.834780098790819380e+00
3.120000000000000000e+02 2.827007071004977945e+00
3.130000000000000000e+02 2.800631057036464977e+00
3.140000000000000000e+02 2.744062308072644285e+00
3.150000000000000000e+02 2.772663171402497628e+00
3.160000000000000000e+02 2.748387091834155971e+00
3.170000000000000000e+02 2.825246555279412597e+00
3.180000000000000000e+02 2.776440004064865352e+00
3.190000000000000000e+02 2.832982520721608832e+00
3.200000000000000000e+02 2.650741010003747622e+00
3.210000000000000000e+02 2.572787152457840065e+00
3.220000000000000000e+02 2.516857805093119183e+00
3.230000000000000000e+02 2.497448882598772624e+00
3.240000000000000000e+02 2.528485832015836543e+00
3.250000000000000000e+02 2.498329252319467120e+00
3.260000000000000000e+02 2.595363121136863516e+00
3.270000000000000000e+02 2.521537392624184193e+00
3.280000000000000000e+02 2.515085633190998760e+00
3.290000000000000000e+02 2.634162202289509480e+00
3.300000000000000000e+02 2.726697593488148108e+00
3.310000000000000000e+02 2.738578945937298226e+00
3.320000000000000000e+02 2.735943373368488807e+00
3.330000000000000000e+02 2.733247642017705203e+00
3.340000000000000000e+02 2.715524950635233026e+00
3.350000000000000000e+02 2.726056075236327647e+00
3.360000000000000000e+02 2.724352487007964729e+00
3.370000000000000000e+02 2.665838615481920471e+00
3.380000000000000000e+02 2.665762596881867008e+00
3.390000000000000000e+02 2.704164140913822401e+00
3.400000000000000000e+02 2.731495068891715228e+00
3.410000000000000000e+02 2.720585770519575952e+00
3.420000000000000000e+02 2.707871247017902938e+00
3.430000000000000000e+02 2.799041314858428109e+00
3.440000000000000000e+02 2.807706303414023719e+00
3.450000000000000000e+02 2.866468640401318879e+00
3.460000000000000000e+02 2.872012524634078634e+00
3.470000000000000000e+02 2.932850127203592727e+00
3.480000000000000000e+02 3.036430648088273454e+00
3.490000000000000000e+02 2.975358769878585274e+00
3.500000000000000000e+02 2.975876597184866412e+00
3.510000000000000000e+02 3.059985927816539775e+00
3.520000000000000000e+02 3.022983220332287058e+00
3.530000000000000000e+02 3.022288845814216085e+00
3.540000000000000000e+02 3.051819335540303157e+00
3.550000000000000000e+02 3.046413309612487907e+00
3.560000000000000000e+02 3.034031348288527941e+00
3.570000000000000000e+02 3.028988915018416161e+00
3.580000000000000000e+02 2.971966586930480325e+00
3.590000000000000000e+02 2.922710635121542833e+00
3.600000000000000000e+02 2.889134014858825150e+00
3.610000000000000000e+02 3.008920599648738925e+00
3.620000000000000000e+02 2.938989941430278918e+00
3.630000000000000000e+02 2.946981208272207997e+00
3.640000000000000000e+02 2.991314328068692685e+00
3.650000000000000000e+02 2.938124839013826595e+00
3.660000000000000000e+02 2.844078377084013454e+00
3.670000000000000000e+02 2.755074614038802938e+00
3.680000000000000000e+02 2.752715270535988967e+00
3.690000000000000000e+02 2.691438085096125921e+00
3.700000000000000000e+02 2.718190101177150098e+00
3.710000000000000000e+02 2.665071572422581525e+00
3.720000000000000000e+02 2.646121579630160259e+00
3.730000000000000000e+02 2.695641564437635029e+00
3.740000000000000000e+02 2.745777739096400882e+00
3.750000000000000000e+02 2.743793078996173307e+00
3.760000000000000000e+02 2.710870159099006305e+00
3.770000000000000000e+02 2.564530362735437219e+00
3.780000000000000000e+02 2.546931823688112662e+00
3.790000000000000000e+02 2.622040374782662830e+00
3.800000000000000000e+02 2.561855474084580919e+00
3.810000000000000000e+02 2.532625949160332457e+00
3.820000000000000000e+02 2.390981292670152580e+00
3.830000000000000000e+02 2.379519221750861391e+00
3.840000000000000000e+02 2.477748236900060519e+00
3.850000000000000000e+02 2.480047967412213783e+00
3.860000000000000000e+02 2.531905155303219246e+00
3.870000000000000000e+02 2.501066153410286486e+00
3.880000000000000000e+02 2.485573666963311723e+00
3.890000000000000000e+02 2.599522192163985945e+00
3.900000000000000000e+02 2.579863136124848744e+00
3.910000000000000000e+02 2.590685027589768374e+00
3.920000000000000000e+02 2.635770497958167535e+00
3.930000000000000000e+02 2.635156337540767169e+00
3.940000000000000000e+02 2.685264823562091507e+00
3.950000000000000000e+02 2.771381821601707429e+00
3.960000000000000000e+02 2.759990397760506475e+00
3.970000000000000000e+02 2.741930102083469212e+00
3.980000000000000000e+02 2.642833410961349827e+00
3.990000000000000000e+02 2.629214962442318004e+00
4.000000000000000000e+02 2.654939184532328689e+00
4.010000000000000000e+02 2.728424971632389617e+00
4.020000000000000000e+02 2.775572728578084458e+00
4.030000000000000000e+02 2.763366861813052910e+00
4.040000000000000000e+02 2.754062050928124172e+00
4.050000000000000000e+02 2.793542598387325882e+00
4.060000000000000000e+02 2.750844606829826677e+00
4.070000000000000000e+02 2.716130321458811281e+00
4.080000000000000000e+02 2.745106961205470153e+00
4.090000000000000000e+02 2.727112592007036262e+00
4.100000000000000000e+02 2.697016122222298584e+00
4.110000000000000000e+02 2.757680836854823347e+00
4.120000000000000000e+02 2.726808495756654516e+00
4.130000000000000000e+02 2.735669312111029594e+00
4.140000000000000000e+02 2.687921447551171461e+00
4.150000000000000000e+02 2.692160646805764390e+00
4.160000000000000000e+02 2.728975975045051960e+00
4.170000000000000000e+02 2.690382067575348479e+00
4.180000000000000000e+02 2.719589769132209067e+00
4.190000000000000000e+02 2.680650665642633435e+00
4.200000000000000000e+02 2.652528466398937468e+00
4.210000000000000000e+02 2.612016492189948469e+00
4.220000000000000000e+02 2.614387055137982863e+00
4.230000000000000000e+02 2.621163997901539311e+00
4.240000000000000000e+02 2.647387259901114565e+00
4.250000000000000000e+02 2.685946622595346778e+00
4.260000000000000000e+02 2.734369063012160428e+00
4.270000000000000000e+02 2.732131677036234052e+00
4.280000000000000000e+02 2.706337327296931772e+00
4.290000000000000000e+02 2.589175382895448241e+00
4.300000000000000000e+02 2.646871631716635420e+00
4.310000000000000000e+02 2.649908672957914213e+00
4.320000000000000000e+02 2.686151120607454423e+00
4.330000000000000000e+02 2.755626150006015962e+00
4.340000000000000000e+02 2.687836964450470045e+00
4.350000000000000000e+02 2.684087617223815503e+00
4.360000000000000000e+02 2.632250177124825896e+00
4.370000000000000000e+02 2.682088252518649352e+00
4.380000000000000000e+02 2.652014878778075957e+00
4.390000000000000000e+02 2.636123369297772800e+00
4.400000000000000000e+02 2.641640127541774685e+00
4.410000000000000000e+02 2.636892004387785260e+00
4.420000000000000000e+02 2.579877812520546598e+00
4.430000000000000000e+02 2.647614704950207010e+00
4.440000000000000000e+02 2.700692765658973649e+00
4.450000000000000000e+02 2.693594464137969879e+00
4.460000000000000000e+02 2.674683243066631189e+00
4.470000000000000000e+02 2.698783688137771808e+00
4.480000000000000000e+02 2.698379432818006851e+00
4.490000000000000000e+02 2.771216898517510074e+00
4.500000000000000000e+02 2.712691090002994798e+00
4.510000000000000000e+02 2.779954225835648440e+00
4.520000000000000000e+02 2.764178869146683759e+00
4.530000000000000000e+02 2.693474189733784829e+00
4.540000000000000000e+02 2.620010250834221566e+00
4.550000000000000000e+02 2.630412466865637011e+00
4.560000000000000000e+02 2.595040517789612533e+00
4.570000000000000000e+02 2.548958268297415231e+00
4.580000000000000000e+02 2.579932102823505602e+00
4.590000000000000000e+02 2.589681996148557097e+00
4.600000000000000000e+02 2.541580346428884862e+00
4.610000000000000000e+02 2.490182380288581854e+00
4.620000000000000000e+02 2.482912247786127402e+00
4.630000000000000000e+02 2.490486140166348061e+00
4.640000000000000000e+02 2.465858490908256151e+00
4.650000000000000000e+02 2.534438767854592101e+00
4.660000000000000000e+02 2.606356768227469534e+00
4.670000000000000000e+02 2.591867557105969500e+00
4.680000000000000000e+02 2.644560669606915049e+00
4.690000000000000000e+02 2.555565164077336693e+00
4.700000000000000000e+02 2.569960279627077515e+00
4.710000000000000000e+02 2.635150795085672737e+00
4.720000000000000000e+02 2.694770008405227735e+00
4.730000000000000000e+02 2.628275768603716589e+00
4.740000000000000000e+02 2.637943314569864750e+00
4.750000000000000000e+02 2.607858108307726130e+00
4.760000000000000000e+02 2.584574085497333140e+00
4.770000000000000000e+02 2.540332651286360210e+00
4.780000000000000000e+02 2.511434150097044071e+00
4.790000000000000000e+02 2.503356901536245349e+00
4.800000000000000000e+02 2.547341087848044694e+00
4.810000000000000000e+02 2.554165862503167794e+00
4.820000000000000000e+02 2.474074746189443008e+00
4.830000000000000000e+02 2.431555381645833958e+00
4.840000000000000000e+02 2.466963237273111620e+00
4.850000000000000000e+02 2.534000807755146578e+00
4.860000000000000000e+02 2.559633477322625250e+00
4.870000000000000000e+02 2.549377252262767790e+00
4.880000000000000000e+02 2.511494476665702358e+00
4.890000000000000000e+02 2.527699203605296763e+00
4.900000000000000000e+02 2.488035959305715750e+00
4.910000000000000000e+02 2.486475454164519761e+00
4.920000000000000000e+02 2.345199652807591129e+00
4.930000000000000000e+02 2.247534770378475155e+00
4.940000000000000000e+02 2.206099990228647556e+00
4.950000000000000000e+02 2.249488931474305176e+00
4.960000000000000000e+02 2.162640663081378811e+00
4.970000000000000000e+02 2.025445302644095946e+00
4.980000000000000000e+02 2.088386276396502428e+00
4.990000000000000000e+02 2.069032850616294272e+00
5.000000000000000000e+02 2.079976993521744699e+00
5.010000000000000000e+02 2.058052948095999479e+00
5.020000000000000000e+02 2.044935859731573657e+00
5.030000000000000000e+02 1.888341519072473274e+00
5.040000000000000000e+02 1.813551131550990458e+00
5.050000000000000000e+02 1.754165942878377349e+00
5.060000000000000000e+02 1.703811911127694811e+00
5.070000000000000000e+02 1.591836028044768980e+00
5.080000000000000000e+02 1.472650688110100026e+00
5.090000000000000000e+02 1.248179259158231469e+00
5.100000000000000000e+02 9.339153812801042065e-01
5.110000000000000000e+02 6.529404873756466943e-01
