1.000000000000000000e+00 9.648354391501874350e-01
2.000000000000000000e+00 1.899356034785043335e+00
3.000000000000000000e+00 2.786190174973862899e+00
4.000000000000000000e+00 3.659883664462507014e+00
5.000000000000000000e+00 4.501819719388769236e+00
6.000000000000000000e+00 5.334223302253083610e+00
7.000000000000000000e+00 6.144754692894941250e+00
8.000000000000000000e+00 6.943475615360585884e+00
9.000000000000000000e+00 7.755693979898017787e+00
1.000000000000000000e+01 8.506773198306508021e+00
1.100000000000000000e+01 9.249230774761091567e+00
1.200000000000000000e+01 9.991645184689378567e+00
1.300000000000000000e+01 1.069085361255464761e+01
1.400000000000000000e+01 1.138864555298335013e+01
1.500000000000000000e+01 1.208502307487869665e+01
1.600000000000000000e+01 1.280048740351446490e+01
1.700000000000000000e+01 1.345597616817522635e+01
1.800000000000000000e+01 1.410533693150935974e+01
1.900000000000000000e+01 1.475156511246778024e+01
2.000000000000000000e+01 1.538240082529802599e+01
2.100000000000000000e+01 1.599979470279655125e+01
2.200000000000000000e+01 1.663590084067865149e+01
2.300000000000000000e+01 1.723707508637432539e+01
2.400000000000000000e+01 1.786303804460520439e+01
2.500000000000000000e+01 1.845526576533540464e+01
2.600000000000000000e+01 1.902773731219435049e+01
2.700000000000000000e+01 1.961084378830721420e+01
2.800000000000000000e+01 2.019063829627724971e+01
2.900000000000000000e+01 2.073885344600242675e+01
3.000000000000000000e+01 2.128553514862337792e+01
3.100000000000000000e+01 2.184040606995856848e+01
3.200000000000000000e+01 2.238783956338431480e+01
3.300000000000000000e+01 2.292862587512275852e+01
3.400000000000000000e+01 2.346271848079361533e+01
3.500000000000000000e+01 2.400309957613453449e+01
3.600000000000000000e+01 2.451325846642106754e+01
3.700000000000000000e+01 2.502335372791977264e+01
3.800000000000000000e+01 2.552986917144048107e+01
3.900000000000000000e+01 2.601968609957908640e+01
4.000000000000000000e+01 2.646642781278693590e+01
4.100000000000000000e+01 2.691796955550391246e+01
4.200000000000000000e+01 2.737771540177765317e+01
4.300000000000000000e+01 2.782127615624619210e+01
4.400000000000000000e+01 2.826555804992216991e+01
4.500000000000000000e+01 2.873655668781494654e+01
4.600000000000000000e+01 2.922749839859564958e+01
4.700000000000000000e+01 2.968089306320729648e+01
4.800000000000000000e+01 3.011559688383636768e+01
4.900000000000000000e+01 3.058190554641261372e+01
5.000000000000000000e+01 3.101741790555345801e+01
5.100000000000000000e+01 3.143906334149414761e+01
5.200000000000000000e+01 3.185844149762946387e+01
5.300000000000000000e+01 3.227755694754690552e+01
5.400000000000000000e+01 3.269469584882400426e+01
5.500000000000000000e+01 3.306656900921641551e+01
5.600000000000000000e+01 3.346229692709224679e+01
5.700000000000000000e+01 3.385188518352885012e+01
5.800000000000000000e+01 3.423569965220237066e+01
5.900000000000000000e+01 3.463425358654418318e+01
6.000000000000000000e+01 3.501355840551336485e+01
6.100000000000000000e+01 3.540781941414304868e+01
6.200000000000000000e+01 3.577347955683052305e+01
6.300000000000000000e+01 3.619488874565453074e+01
6.400000000000000000e+01 3.656019074879352360e+01
6.500000000000000000e+01 3.692361873537373640e+01
6.600000000000000000e+01 3.726864610159751123e+01
6.700000000000000000e+01 3.763514244156147015e+01
6.800000000000000000e+01 3.800735983331637868e+01
6.900000000000000000e+01 3.836644719320635488e+01
7.000000000000000000e+01 3.870195589516838908e+01
7.100000000000000000e+01 3.900627008408242347e+01
7.200000000000000000e+01 3.933155094001256202e+01
7.300000000000000000e+01 3.968071682649954823e+01
7.400000000000000000e+01 4.001043512199457552e+01
7.500000000000000000e+01 4.034196301959399733e+01
7.600000000000000000e+01 4.067482823420561289e+01
7.700000000000000000e+01 4.098926597606075006e+01
7.800000000000000000e+01 4.131712658123177562e+01
7.900000000000000000e+01 4.167565235352385855e+01
8.000000000000000000e+01 4.198194654586506402e+01
8.100000000000000000e+01 4.230946018699856381e+01
8.200000000000000000e+01 4.261858707969885529e+01
8.300000000000000000e+01 4.292176669491013286e+01
8.400000000000000000e+01 4.321765765873258403e+01
8.500000000000000000e+01 4.354018632625280816e+01
8.600000000000000000e+01 4.381811885825308650e+01
8.700000000000000000e+01 4.411796065037535897e+01
8.800000000000000000e+01 4.441389294513119523e+01
8.900000000000000000e+01 4.471103478455714964e+01
9.000000000000000000e+01 4.494891481758093477e+01
9.100000000000000000e+01 4.521342769715798227e+01
9.200000000000000000e+01 4.549378785153327698e+01
9.300000000000000000e+01 4.575558282132880095e+01
9.400000000000000000e+01 4.603220933785946301e+01
9.500000000000000000e+01 4.629307667343039867e+01
9.600000000000000000e+01 4.653272899433593324e+01
9.700000000000000000e+01 4.681063050761537170e+01
9.800000000000000000e+01 4.708327178337890473e+01
9.900000000000000000e+01 4.732302771968821276e+01
1.000000000000000000e+02 4.760206883553014734e+01
1.010000000000000000e+02 4.786654398818568978e+01
1.020000000000000000e+02 4.813578916397199947e+01
1.030000000000000000e+02 4.837938026718246221e+01
1.040000000000000000e+02 4.861641678051066151e+01
1.050000000000000000e+02 4.887034904623040177e+01
1.060000000000000000e+02 4.911205932638390692e+01
1.070000000000000000e+02 4.937018531541431088e+01
1.080000000000000000e+02 4.962656594562623269e+01
1.090000000000000000e+02 4.985191728023830393e+01
1.100000000000000000e+02 5.006455618599694191e+01
1.110000000000000000e+02 5.026605321389284597e+01
1.120000000000000000e+02 5.051870579348296530e+01
1.130000000000000000e+02 5.074116940573362911e+01
1.140000000000000000e+02 5.096059605793607261e+01
1.150000000000000000e+02 5.115732390827959364e+01
1.160000000000000000e+02 5.136305160576667816e+01
1.170000000000000000e+02 5.156890298896018976e+01
1.180000000000000000e+02 5.176178980374326954e+01
1.190000000000000000e+02 5.196641359644856095e+01
1.200000000000000000e+02 5.219660586132773261e+01
1.210000000000000000e+02 5.240369619219910646e+01
1.220000000000000000e+02 5.260821195680118478e+01
1.230000000000000000e+02 5.282665706664494820e+01
1.240000000000000000e+02 5.302606903872406008e+01
1.250000000000000000e+02 5.322556491408230528e+01
1.260000000000000000e+02 5.341901604986389884e+01
1.270000000000000000e+02 5.361447302568125650e+01
1.280000000000000000e+02 5.377741413217109567e+01
1.290000000000000000e+02 5.394852161616390873e+01
1.300000000000000000e+02 5.411826001304087441e+01
1.310000000000000000e+02 5.430237258307584369e+01
1.320000000000000000e+02 5.450183382380630803e+01
1.330000000000000000e+02 5.468683656819263206e+01
1.340000000000000000e+02 5.486722028099164561e+01
1.350000000000000000e+02 5.499655476821632760e+01
1.360000000000000000e+02 5.516249070885528027e+01
1.370000000000000000e+02 5.534253264246837745e+01
1.380000000000000000e+02 5.552795411730917152e+01
1.390000000000000000e+02 5.569360005190354457e+01
1.400000000000000000e+02 5.583222397273608095e+01
1.410000000000000000e+02 5.598692427866072308e+01
1.420000000000000000e+02 5.614542334154358372e+01
1.430000000000000000e+02 5.629289618181831401e+01
1.440000000000000000e+02 5.644525540010032927e+01
1.450000000000000000e+02 5.659368127850887475e+01
1.460000000000000000e+02 5.674587227192373007e+01
1.470000000000000000e+02 5.687327489452337659e+01
1.480000000000000000e+02 5.702981104530228862e+01
1.490000000000000000e+02 5.719339330315430914e+01
1.500000000000000000e+02 5.734044252612709869e+01
1.510000000000000000e+02 5.747764605420039175e+01
1.520000000000000000e+02 5.762017200427068531e+01
1.530000000000000000e+02 5.777804393674315975e+01
1.540000000000000000e+02 5.791506732576180383e+01
1.550000000000000000e+02 5.805270805846967619e+01
1.560000000000000000e+02 5.816214055601869148e+01
1.570000000000000000e+02 5.828371706258047169e+01
1.580000000000000000e+02 5.837368949228232395e+01
1.590000000000000000e+02 5.848981892218240830e+01
1.600000000000000000e+02 5.862263704070132064e+01
1.610000000000000000e+02 5.876514736157131580e+01
1.620000000000000000e+02 5.888219634333565722e+01
1.630000000000000000e+02 5.897988667455847889e+01
1.640000000000000000e+02 5.910228132077514118e+01
1.650000000000000000e+02 5.924198328804186531e+01
1.660000000000000000e+02 5.935538956520156262e+01
1.670000000000000000e+02 5.951014117667548931e+01
1.680000000000000000e+02 5.962987767785716642e+01
1.690000000000000000e+02 5.975828757408297776e+01
1.700000000000000000e+02 5.987027763191355234e+01
1.710000000000000000e+02 5.998884264278657241e+01
1.720000000000000000e+02 6.009278529466086383e+01
1.730000000000000000e+02 6.018604948709507596e+01
1.740000000000000000e+02 6.030147701374727376e+01
1.750000000000000000e+02 6.042930312174938479e+01
1.760000000000000000e+02 6.052978059212570372e+01
1.770000000000000000e+02 6.063957978918934089e+01
1.780000000000000000e+02 6.073070275096230120e+01
1.790000000000000000e+02 6.085965929219702275e+01
1.800000000000000000e+02 6.094834331327299992e+01
1.810000000000000000e+02 6.104167219742416961e+01
1.820000000000000000e+02 6.112992154070732909e+01
1.830000000000000000e+02 6.123329566776847344e+01
1.840000000000000000e+02 6.131554663152373763e+01
1.850000000000000000e+02 6.141231895685952935e+01
1.860000000000000000e+02 6.150463042324724938e+01
1.870000000000000000e+02 6.162648942626363180e+01
1.880000000000000000e+02 6.173646081699899213e+01
1.890000000000000000e+02 6.184330415937778724e+01
1.900000000000000000e+02 6.191788510645364596e+01
1.910000000000000000e+02 6.199914543856340288e+01
1.920000000000000000e+02 6.207788884155613118e+01
1.930000000000000000e+02 6.213744136032775600e+01
1.940000000000000000e+02 6.222197922491255184e+01
1.950000000000000000e+02 6.230416838997084739e+01
1.960000000000000000e+02 6.239299418803367558e+01
1.970000000000000000e+02 6.247757364116220202e+01
1.980000000000000000e+02 6.254666431980653130e+01
1.990000000000000000e+02 6.259912341468235297e+01
2.000000000000000000e+02 6.265644803629477622e+01
2.010000000000000000e+02 6.270022551362252727e+01
2.020000000000000000e+02 6.273306687415910687e+01
2.030000000000000000e+02 6.281355608660987855e+01
2.040000000000000000e+02 6.287004356134613658e+01
2.050000000000000000e+02 6.292662701523636315e+01
2.060000000000000000e+02 6.299705944911516298e+01
2.070000000000000000e+02 6.307584101860709325e+01
2.080000000000000000e+02 6.315079615553250392e+01
2.090000000000000000e+02 6.319362518953361985e+01
2.100000000000000000e+02 6.325018284357176412e+01
2.110000000000000000e+02 6.330399363043662930e+01
2.120000000000000000e+02 6.336503082426155231e+01
2.130000000000000000e+02 6.343464609927941922e+01
2.140000000000000000e+02 6.348192569357755843e+01
2.150000000000000000e+02 6.351954284935289508e+01
2.160000000000000000e+02 6.359318427996011280e+01
2.170000000000000000e+02 6.364926089879539717e+01
2.180000000000000000e+02 6.370245982360323467e+01
2.190000000000000000e+02 6.378066346284834509e+01
2.200000000000000000e+02 6.386263554041352819e+01
2.210000000000000000e+02 6.389235142302442227e+01
2.220000000000000000e+02 6.397235892325655016e+01
2.230000000000000000e+02 6.400755698299836638e+01
2.240000000000000000e+02 6.405385744254674307e+01
2.250000000000000000e+02 6.409334897125800978e+01
2.260000000000000000e+02 6.412845501571520401e+01
2.270000000000000000e+02 6.417965296531895092e+01
2.280000000000000000e+02 6.421307443102590184e+01
2.290000000000000000e+02 6.425270272257901638e+01
2.300000000000000000e+02 6.426840832505409651e+01
2.310000000000000000e+02 6.428738777697672901e+01
2.320000000000000000e+02 6.432126513904034937e+01
2.330000000000000000e+02 6.437441472639676476e+01
2.340000000000000000e+02 6.439778135094590539e+01
2.350000000000000000e+02 6.443008263236949063e+01
2.360000000000000000e+02 6.445915667505219915e+01
2.370000000000000000e+02 6.448341750104408732e+01
2.380000000000000000e+02 6.449434101449467960e+01
2.390000000000000000e+02 6.451463556578882219e+01
2.400000000000000000e+02 6.454681481871593007e+01
2.410000000000000000e+02 6.456063792867547591e+01
2.420000000000000000e+02 6.457207540587437222e+01
2.430000000000000000e+02 6.457468868646984106e+01
2.440000000000000000e+02 6.457626083623455315e+01
2.450000000000000000e+02 6.460296450722715633e+01
2.460000000000000000e+02 6.461940647238346003e+01
2.470000000000000000e+02 6.464628897484737990e+01
2.480000000000000000e+02 6.465339454158149124e+01
2.490000000000000000e+02 6.469434727857054668e+01
2.500000000000000000e+02 6.468469789231126299e+01
2.510000000000000000e+02 6.471322506874432179e+01
2.520000000000000000e+02 6.472799581839959160e+01
2.530000000000000000e+02 6.471712536735687138e+01
2.540000000000000000e+02 6.470218349249122980e+01
2.550000000000000000e+02 6.471279585419229363e+01
2.560000000000000000e+02 6.471820947642142130e+01
2.570000000000000000e+02 6.474046393697973656e+01
2.580000000000000000e+02 6.475338778645244986e+01
2.590000000000000000e+02 6.476775448528432833e+01
2.600000000000000000e+02 6.474476773431902643e+01
2.610000000000000000e+02 6.475405148476355066e+01
2.620000000000000000e+02 6.472223103877239225e+01
2.630000000000000000e+02 6.473376884776499196e+01
2.640000000000000000e+02 6.474853997834969732e+01
2.650000000000000000e+02 6.475258853270501902e+01
2.660000000000000000e+02 6.473184387368439729e+01
2.670000000000000000e+02 6.471792064884729712e+01
2.680000000000000000e+02 6.471822322781946468e+01
2.690000000000000000e+02 6.469213848108735476e+01
2.700000000000000000e+02 6.465729691963552739e+01
2.710000000000000000e+02 6.459314819805665309e+01
2.720000000000000000e+02 6.454339520911308625e+01
2.730000000000000000e+02 6.452633305226288485e+01
2.740000000000000000e+02 6.446238254100953213e+01
2.750000000000000000e+02 6.442875591879474939e+01
2.760000000000000000e+02 6.440180556900826048e+01
2.770000000000000000e+02 6.439354316596045180e+01
2.780000000000000000e+02 6.437380414880747992e+01
2.790000000000000000e+02 6.433052996946183555e+01
2.800000000000000000e+02 6.432855243928159439e+01
2.810000000000000000e+02 6.428635275749523714e+01
2.820000000000000000e+02 6.424749051874933059e+01
2.830000000000000000e+02 6.421099392116630611e+01
2.840000000000000000e+02 6.418365994663616902e+01
2.850000000000000000e+02 6.411725494464910469e+01
2.860000000000000000e+02 6.409784633577967838e+01
2.870000000000000000e+02 6.405727327766302892e+01
2.880000000000000000e+02 6.403608326588160082e+01
2.890000000000000000e+02 6.394473150512524029e+01
2.900000000000000000e+02 6.390029017764212682e+01
2.910000000000000000e+02 6.384271343963348500e+01
2.920000000000000000e+02 6.381030833942772773e+01
2.930000000000000000e+02 6.376926175884997861e+01
2.940000000000000000e+02 6.375175730786550332e+01
2.950000000000000000e+02 6.373790660816385412e+01
2.960000000000000000e+02 6.370855014158787100e+01
2.970000000000000000e+02 6.366835440921427391e+01
2.980000000000000000e+02 6.361324590256919720e+01
2.990000000000000000e+02 6.353618889577332141e+01
3.000000000000000000e+02 6.347448482307478201e+01
3.010000000000000000e+02 6.341671643147805781e+01
3.020000000000000000e+02 6.334177106300158755e+01
3.030000000000000000e+02 6.327107401035505063e+01
3.040000000000000000e+02 6.321958517174434888e+01
3.050000000000000000e+02 6.315998201533881229e+01
3.060000000000000000e+02 6.309782664137769359e+01
3.070000000000000000e+02 6.300853489014647124e+01
3.080000000000000000e+02 6.293679771990534988e+01
3.090000000000000000e+02 6.286446872918522644e+01
3.100000000000000000e+02 6.281047779962383260e+01
3.110000000000000000e+02 6.278360024909395065e+01
3.120000000000000000e+02 6.269835130444097615e+01
3.130000000000000000e+02 6.264088609063717428e+01
3.140000000000000000e+02 6.254389743843620408e+01
3.150000000000000000e+02 6.247430712678914944e+01
3.160000000000000000e+02 6.241257050953886676e+01
3.170000000000000000e+02 6.233176369209471090e+01
3.180000000000000000e+02 6.225833275175489234e+01
3.190000000000000000e+02 6.216490272516929849e+01
3.200000000000000000e+02 6.208114624442365681e+01
3.210000000000000000e+02 6.197393545844965956e+01
3.220000000000000000e+02 6.189433261822410515e+01
3.230000000000000000e+02 6.181075126696992328e+01
3.240000000000000000e+02 6.171700260731278576e+01
3.250000000000000000e+02 6.163247083089134293e+01
3.260000000000000000e+02 6.152960795484138146e+01
3.270000000000000000e+02 6.142842606687070628e+01
3.280000000000000000e+02 6.131987568751401341e+01
3.290000000000000000e+02 6.122470860157356043e+01
3.300000000000000000e+02 6.112649129371455103e+01
3.310000000000000000e+02 6.102332761285767049e+01
3.320000000000000000e+02 6.093548697728956398e+01
3.330000000000000000e+02 6.084813583888452371e+01
3.340000000000000000e+02 6.074562640152326054e+01
3.350000000000000000e+02 6.064275003707133038e+01
3.360000000000000000e+02 6.055370625191361000e+01
3.370000000000000000e+02 6.044242536998517323e+01
3.380000000000000000e+02 6.032427765941861253e+01
3.390000000000000000e+02 6.018348857081278425e+01
3.400000000000000000e+02 6.005239509649593543e+01
3.410000000000000000e+02 5.992731109664358513e+01
3.420000000000000000e+02 5.979131449949195343e+01
3.430000000000000000e+02 5.967899239799861277e+01
3.440000000000000000e+02 5.960161519143699138e+01
3.450000000000000000e+02 5.946628254740112851e+01
3.460000000000000000e+02 5.935156885482988542e+01
3.470000000000000000e+02 5.924027632689352885e+01
3.480000000000000000e+02 5.912711453957199126e+01
3.490000000000000000e+02 5.901669030556890760e+01
3.500000000000000000e+02 5.890391458889994425e+01
3.510000000000000000e+02 5.878878495254367209e+01
3.520000000000000000e+02 5.865098024093305895e+01
3.530000000000000000e+02 5.851784150515484129e+01
3.540000000000000000e+02 5.838210855854535453e+01
3.550000000000000000e+02 5.821621487500592451e+01
3.560000000000000000e+02 5.808629702960550389e+01
3.570000000000000000e+02 5.797694018781859171e+01
3.580000000000000000e+02 5.783514534666277740e+01
3.590000000000000000e+02 5.768462482296239813e+01
3.600000000000000000e+02 5.753996698311765812e+01
3.610000000000000000e+02 5.742063835345298628e+01
3.620000000000000000e+02 5.727145813842189170e+01
3.630000000000000000e+02 5.714189935992169467e+01
3.640000000000000000e+02 5.701875587151732816e+01
3.650000000000000000e+02 5.687279058744397986e+01
3.660000000000000000e+02 5.670084790540576591e+01
3.670000000000000000e+02 5.654692556689553840e+01
3.680000000000000000e+02 5.639029941670330004e+01
3.690000000000000000e+02 5.619915585282757320e+01
3.700000000000000000e+02 5.603768671863667095e+01
3.710000000000000000e+02 5.591068037309923966e+01
3.720000000000000000e+02 5.573248042673998981e+01
3.730000000000000000e+02 5.558315670988211110e+01
3.740000000000000000e+02 5.541453941269881511e+01
3.750000000000000000e+02 5.525428165528076363e+01
3.760000000000000000e+02 5.508042354255668727e+01
3.770000000000000000e+02 5.491058321797439135e+01
3.780000000000000000e+02 5.475404830011029844e+01
3.790000000000000000e+02 5.460205568665026732e+01
3.800000000000000000e+02 5.444156856247129639e+01
3.810000000000000000e+02 5.426828170312357713e+01
3.820000000000000000e+02 5.410011898032575317e+01
3.830000000000000000e+02 5.392949634189221086e+01
3.840000000000000000e+02 5.373859355952188110e+01
3.850000000000000000e+02 5.355000646966531974e+01
3.860000000000000000e+02 5.337635471939033494e+01
3.870000000000000000e+02 5.318055164763605092e+01
3.880000000000000000e+02 5.296890614075153536e+01
3.890000000000000000e+02 5.277828183531429573e+01
3.900000000000000000e+02 5.256567555124846081e+01
3.910000000000000000e+02 5.237213526393979635e+01
3.920000000000000000e+02 5.217566481962120406e+01
3.930000000000000000e+02 5.200724593384246930e+01
3.940000000000000000e+02 5.181152363808745775e+01
3.950000000000000000e+02 5.159390154052057653e+01
3.960000000000000000e+02 5.138281824141476051e+01
3.970000000000000000e+02 5.114904798171900069e+01
3.980000000000000000e+02 5.093573192588061005e+01
3.990000000000000000e+02 5.071403795474523690e+01
4.000000000000000000e+02 5.049968762351530671e+01
4.010000000000000000e+02 5.025299155158053566e+01
4.020000000000000000e+02 5.001268424756301556e+01
4.030000000000000000e+02 4.975510085996085508e+01
4.040000000000000000e+02 4.953756879564457449e+01
4.050000000000000000e+02 4.932953426625569193e+01
4.060000000000000000e+02 4.906192734144375578e+01
4.070000000000000000e+02 4.877092075087006862e+01
4.080000000000000000e+02 4.854236570270705187e+01
4.090000000000000000e+02 4.828814079815757765e+01
4.100000000000000000e+02 4.804829841293464909e+01
4.110000000000000000e+02 4.780271445492383720e+01
4.120000000000000000e+02 4.755917476813420564e+01
4.130000000000000000e+02 4.731289422457291494e+01
4.140000000000000000e+02 4.708298974932034042e+01
4.150000000000000000e+02 4.681509127388951441e+01
4.160000000000000000e+02 4.659177818173555607e+01
4.170000000000000000e+02 4.634071974344283262e+01
4.180000000000000000e+02 4.604727884872805532e+01
4.190000000000000000e+02 4.577496646213920428e+01
4.200000000000000000e+02 4.549365634321000584e+01
4.210000000000000000e+02 4.521963346912824733e+01
4.220000000000000000e+02 4.493481109310437915e+01
4.230000000000000000e+02 4.463636565532162592e+01
4.240000000000000000e+02 4.436122120646395217e+01
4.250000000000000000e+02 4.407981969355321183e+01
4.260000000000000000e+02 4.379754918873913283e+01
4.270000000000000000e+02 4.349394144211354529e+01
4.280000000000000000e+02 4.321851886589433178e+01
4.290000000000000000e+02 4.292490174153205373e+01
4.300000000000000000e+02 4.263647326243300739e+01
4.310000000000000000e+02 4.233567535989951836e+01
4.320000000000000000e+02 4.201223439944066484e+01
4.330000000000000000e+02 4.170216056692020601e+01
4.340000000000000000e+02 4.139470148752278078e+01
4.350000000000000000e+02 4.109671134073623477e+01
4.360000000000000000e+02 4.080248696324331092e+01
4.370000000000000000e+02 4.046109691845799006e+01
4.380000000000000000e+02 4.013936040306169417e+01
4.390000000000000000e+02 3.978780732790757213e+01
4.400000000000000000e+02 3.949472364349041698e+01
4.410000000000000000e+02 3.915233038096502582e+01
4.420000000000000000e+02 3.878692231099354615e+01
4.430000000000000000e+02 3.845214458605619967e+01
4.440000000000000000e+02 3.809012592303672307e+01
4.450000000000000000e+02 3.775818265704456422e+01
4.460000000000000000e+02 3.742301616209800130e+01
4.470000000000000000e+02 3.707295060284761234e+01
4.480000000000000000e+02 3.669633926471190222e+01
4.490000000000000000e+02 3.635291324809514890e+01
4.500000000000000000e+02 3.596997163326704339e+01
4.510000000000000000e+02 3.560258220291560605e+01
4.520000000000000000e+02 3.520664145615791085e+01
4.530000000000000000e+02 3.481184023428071583e+01
4.540000000000000000e+02 3.443356947176409477e+01
4.550000000000000000e+02 3.404425794693014495e+01
4.560000000000000000e+02 3.364378621441552042e+01
4.570000000000000000e+02 3.325368744475270688e+01
4.580000000000000000e+02 3.284398902299435008e+01
4.590000000000000000e+02 3.242465224885298625e+01
4.600000000000000000e+02 3.201232174221423321e+01
4.610000000000000000e+02 3.157505280430899219e+01
4.620000000000000000e+02 3.117982057643573768e+01
4.630000000000000000e+02 3.077876973195947485e+01
4.640000000000000000e+02 3.033153314509074860e+01
4.650000000000000000e+02 2.989242703674050716e+01
4.660000000000000000e+02 2.944041817908386705e+01
4.670000000000000000e+02 2.899922930969543344e+01
4.680000000000000000e+02 2.853820422647864419e+01
4.690000000000000000e+02 2.809601614767008115e+01
4.700000000000000000e+02 2.761428403403913734e+01
4.710000000000000000e+02 2.713714885484546002e+01
4.720000000000000000e+02 2.663623052052809470e+01
4.730000000000000000e+02 2.613639790971638632e+01
4.740000000000000000e+02 2.563203664390560732e+01
4.750000000000000000e+02 2.510050928560649552e+01
4.760000000000000000e+02 2.461121372179139044e+01
4.770000000000000000e+02 2.409256786445707377e+01
4.780000000000000000e+02 2.356127236201850295e+01
4.790000000000000000e+02 2.300353153744519474e+01
4.800000000000000000e+02 2.247298416300793278e+01
4.810000000000000000e+02 2.192474906128506618e+01
4.820000000000000000e+02 2.136696587327746144e+01
4.830000000000000000e+02 2.081990388460020114e+01
4.840000000000000000e+02 2.026307055734807960e+01
4.850000000000000000e+02 1.969792836323449237e+01
4.860000000000000000e+02 1.911599204281520059e+01
4.870000000000000000e+02 1.852263976141168200e+01
4.880000000000000000e+02 1.796550156225703176e+01
4.890000000000000000e+02 1.738283342719776314e+01
4.900000000000000000e+02 1.676174974588749933e+01
4.910000000000000000e+02 1.613141193172327448e+01
4.920000000000000000e+02 1.547069062358178826e+01
4.930000000000000000e+02 1.482524646501448373e+01
4.940000000000000000e+02 1.418958373007460771e+01
4.950000000000000000e+02 1.354569636874960281e+01
4.960000000000000000e+02 1.286301982206790306e+01
4.970000000000000000e+02 1.216008191138912231e+01
4.980000000000000000e+02 1.145652424066347663e+01
4.990000000000000000e+02 1.077071337489683778e+01
5.000000000000000000e+02 1.005170093871589287e+01
5.010000000000000000e+02 9.323726715797413078e+00
5.020000000000000000e+02 8.549416878122164221e+00
5.030000000000000000e+02 7.788300001312588705e+00
5.040000000000000000e+02 7.016650070943909689e+00
5.050000000000000000e+02 6.221117731287171715e+00
5.060000000000000000e+02 5.425293805194421282e+00
5.070000000000000000e+02 4.571970801523832506e+00
5.080000000000000000e+02 3.695247050858235571e+00
5.090000000000000000e+02 2.819128318798374888e+00
5.100000000000000000e+02 1.902089728500257815e+00
5.110000000000000000e+02 9.658508335109869947e-01
